%time,field.header.seq,field.header.stamp,field.header.frame_id,field.values0,field.values1,field.values2,field.values3
1629153480567029647,8481,851788000000,,841832376.0,841832401.0,841832428.0,841832430.0
1629153480593651400,8482,851808000000,,841852169.0,841852191.0,841852217.0,841852218.0
1629153480595402898,8483,851828000000,,841871992.0,841872015.0,841872047.0,841872048.0
1629153480608136844,8484,851848000000,,841890464.0,841890486.0,841890514.0,841891237.0
1629153480647431990,8485,851858000000,,841901736.0,841901768.0,841901793.0,841901795.0
1629153480661460597,8486,851858000000,,841901736.0,841901768.0,841901793.0,841901795.0
1629153480674337231,8487,851878000000,,841920515.0,841920537.0,841920562.0,841921293.0
1629153480687178035,8488,851908000000,,841950031.0,841950053.0,841950078.0,841950808.0
1629153480702215441,8489,851928000000,,841969698.0,841969720.0,841969748.0,841970476.0
1629153480727802624,8490,851938000000,,841980925.0,841980945.0,841980970.0,841980972.0
1629153480740593212,8491,851968000000,,842009063.0,842009083.0,842009108.0,842009847.0
1629153480792692425,8492,851978000000,,842019559.0,842019579.0,842019604.0,842020336.0
1629153480819636289,8493,851988000000,,842029031.0,842029055.0,842029083.0,842029084.0
1629153480973952092,8494,852048000000,,842088457.0,842088481.0,842088510.0,842088511.0
1629153480988578128,8495,852058000000,,842098223.0,842098243.0,842098268.0,842099003.0
1629153481001482768,8496,852078000000,,842118010.0,842118030.0,842118055.0,842118793.0
1629153481014412202,8497,852078000000,,842118010.0,842118030.0,842118055.0,842118793.0
1629153481027210613,8498,852088000000,,842127913.0,842127933.0,842127959.0,842128698.0
1629153481041174617,8499,852088000000,,842127913.0,842127933.0,842127959.0,842128698.0
1629153481054093365,8500,852118000000,,842157633.0,842157653.0,842157679.0,842158415.0
1629153481067072247,8501,852128000000,,842168121.0,842168143.0,842168169.0,842168903.0
1629153481080992251,8502,852128000000,,842168121.0,842168143.0,842168169.0,842168903.0
1629153481093848839,8503,852140000000,,842180079.0,842180098.0,842180123.0,842180837.0
1629153481108099335,8504,852140000000,,842180079.0,842180098.0,842180123.0,842180837.0
1629153481133784017,8505,852168000000,,842207150.0,842207170.0,842207195.0,842207933.0
1629153481146611412,8506,852178000000,,842217068.0,842217088.0,842217113.0,842217851.0
1629153481159473449,8507,852188000000,,842227546.0,842227568.0,842227594.0,842228328.0
1629153481172391568,8508,852188000000,,842227546.0,842227568.0,842227594.0,842228328.0
1629153481185218544,8509,852208000000,,842246774.0,842246794.0,842246819.0,842247556.0
1629153481199577714,8510,852228000000,,842267183.0,842267203.0,842267228.0,842267229.0
1629153481212474113,8511,852248000000,,842286541.0,842286564.0,842286593.0,842286594.0
1629153481225375680,8512,852258000000,,842296349.0,842296369.0,842296394.0,842297133.0
1629153481238176046,8513,852268000000,,842306189.0,842306209.0,842306234.0,842306973.0
1629153481264802548,8514,852278000000,,842316096.0,842316116.0,842316141.0,842316880.0
1629153481291365633,8515,852288000000,,842326589.0,842326611.0,842326640.0,842327371.0
1629153481293076972,8516,852318000000,,842355715.0,842355735.0,842355760.0,842356502.0
1629153481305999073,8517,852328000000,,842365618.0,842365638.0,842365663.0,842366403.0
1629153481318885065,8518,852338000000,,842376119.0,842376151.0,842376176.0,842376906.0
1629153481332412207,8519,852338000000,,842376119.0,842376151.0,842376176.0,842376906.0
1629153481345366714,8520,852369000000,,842406857.0,842406877.0,842406903.0,842406904.0
1629153481358421375,8521,852378000000,,842415137.0,842415157.0,842415182.0,842415922.0
1629153481372522269,8522,852378000000,,842415137.0,842415157.0,842415182.0,842415922.0
1629153481385384585,8523,852388000000,,842425040.0,842425060.0,842425085.0,842425827.0
1629153481398209256,8524,852398000000,,842434944.0,842434964.0,842434990.0,842435732.0
1629153481399885325,8525,852408000000,,842444924.0,842444944.0,842444969.0,842445716.0
1629153481412859528,8526,852421000000,,842457326.0,842457348.0,842457374.0,842458088.0
1629153481425723380,8527,852459000000,,842496038.0,842496058.0,842496083.0,842496085.0
1629153481451206428,8528,852468000000,,842504279.0,842504299.0,842504324.0,842505064.0
1629153481464066998,8529,852468000000,,842504279.0,842504299.0,842504324.0,842505064.0
1629153481476947054,8530,852478000000,,842513349.0,842513371.0,842513396.0,842513399.0
1629153481489797357,8531,852488000000,,842524244.0,842524271.0,842524298.0,842524300.0
1629153481492966229,8532,852498000000,,842534001.0,842534023.0,842534048.0,842534789.0
1629153481506026757,8533,852528000000,,842563708.0,842563728.0,842563753.0,842564491.0
1629153481518937822,8534,852538000000,,842572777.0,842572799.0,842572824.0,842572826.0
1629153481532222752,8535,852538000000,,842572777.0,842572799.0,842572824.0,842572826.0
1629153481545070541,8536,852568000000,,842602743.0,842602765.0,842602790.0,842602792.0
1629153481558016877,8537,852579000000,,842614823.0,842614843.0,842614868.0,842614870.0
1629153481572019014,8538,852579000000,,842614823.0,842614843.0,842614868.0,842614870.0
1629153481584771399,8539,852588000000,,842622303.0,842622324.0,842622350.0,842622351.0
1629153481597630502,8540,852608000000,,842642110.0,842642965.0,842642991.0,842643726.0
1629153481599323682,8541,852619000000,,842654438.0,842654458.0,842654483.0,842654485.0
1629153481624847448,8542,852650000000,,842683567.0,842683587.0,842683612.0,842684339.0
1629153481637689300,8543,852660000000,,842693476.0,842693496.0,842693521.0,842694250.0
1629153481650601763,8544,852669000000,,842702997.0,842703018.0,842703046.0,842703047.0
1629153481663473437,8545,852669000000,,842702997.0,842703018.0,842703046.0,842703047.0
1629153481676396446,8546,852678000000,,842711882.0,842711904.0,842711929.0,842712663.0
1629153481689358007,8547,852688000000,,842721352.0,842721373.0,842721399.0,842721400.0
1629153481692377278,8548,852698000000,,842731470.0,842731492.0,842731517.0,842731519.0
1629153481705196990,8549,852728000000,,842760973.0,842760995.0,842761021.0,842761022.0
1629153481718102678,8550,852738000000,,842771273.0,842771295.0,842771321.0,842771322.0
1629153481731085541,8551,852948000000,,842978392.0,842978414.0,842978440.0,842979157.0
1629153481743940942,8552,852948000000,,842978392.0,842978414.0,842978440.0,842979157.0
1629153481756800325,8553,852958000000,,842988797.0,842988819.0,842988845.0,842988846.0
1629153481769722775,8554,853018000000,,843046674.0,843046696.0,843046721.0,843047435.0
1629153481782646552,8555,853018000000,,843046674.0,843046696.0,843046721.0,843047435.0
1629153481796924845,8556,853030000000,,843059367.0,843059423.0,843059449.0,843060168.0
1629153481809788837,8557,853050000000,,843079361.0,843079381.0,843079407.0,843080139.0
1629153481822689705,8558,853050000000,,843079361.0,843079381.0,843079407.0,843080139.0
1629153481835621025,8559,853068000000,,843096204.0,843096226.0,843096251.0,843096983.0
1629153481848553951,8560,853080000000,,843108517.0,843108537.0,843108562.0,843109298.0
1629153481862087239,8561,853080000000,,843108517.0,843108537.0,843108562.0,843109298.0
1629153481875009131,8562,853089000000,,843117557.0,843117577.0,843117602.0,843117604.0
1629153481888079715,8563,853099000000,,843127706.0,843127726.0,843127751.0,843127753.0
1629153481889764444,8564,853110000000,,843138623.0,843138643.0,843138668.0,843139384.0
1629153481902877074,8565,853139000000,,843168312.0,843168333.0,843168368.0,843168370.0
1629153481916048650,8566,853149000000,,843176431.0,843176451.0,843176477.0,843178026.0
1629153481929291047,8567,853169000000,,843197788.0,843197810.0,843197835.0,843197836.0
1629153481955268925,8568,853178000000,,843205156.0,843205180.0,843205205.0,843205918.0
1629153481968233560,8569,853210000000,,843237501.0,843237524.0,843237551.0,843238284.0
1629153481982514158,8570,853210000000,,843237501.0,843237524.0,843237551.0,843238284.0
1629153481995550729,8571,853220000000,,843247158.0,843247178.0,843247203.0,843247938.0
1629153482011401376,8572,853240000000,,843267195.0,843267215.0,843267242.0,843267997.0
1629153482037220713,8573,853260000000,,843287055.0,843287077.0,843287104.0,843287843.0
1629153482051311271,8574,853260000000,,843287055.0,843287077.0,843287104.0,843287843.0
1629153482089850796,8575,853270000000,,843296685.0,843296705.0,843296730.0,843297470.0
1629153482093154603,8576,853280000000,,843306589.0,843306609.0,843306634.0,843307373.0
1629153482106147244,8577,853288000000,,843314125.0,843314147.0,843314172.0,843314888.0
1629153482119045039,8578,853298000000,,843324032.0,843324054.0,843324079.0,843324794.0
1629153482132015820,8579,853298000000,,843324032.0,843324054.0,843324079.0,843324794.0
1629153482144895526,8580,853330000000,,843356113.0,843356133.0,843356158.0,843356897.0
1629153482157752115,8581,853340000000,,843366022.0,843366042.0,843366067.0,843366804.0
1629153482171888699,8582,853340000000,,843366022.0,843366042.0,843366067.0,843366804.0
1629153482184835523,8583,853348000000,,843373546.0,843373572.0,843373600.0,843374320.0
1629153482197702030,8584,853370000000,,843395739.0,843395759.0,843395784.0,843396521.0
1629153482199442563,8585,853380000000,,843405640.0,843405660.0,843405686.0,843406421.0
1629153482212477388,8586,853408000000,,843432978.0,843433000.0,843433025.0,843433742.0
1629153482225419673,8587,853420000000,,843444428.0,843444448.0,843444474.0,843444475.0
1629153482238198528,8588,853448000000,,843471606.0,843471628.0,843471653.0,843472401.0
1629153482251176712,8589,853458000000,,843482553.0,843482574.0,843482600.0,843483315.0
1629153482276850708,8590,853471000000,,843494806.0,843494826.0,843494851.0,843495585.0
1629153482289843349,8591,853481000000,,843504694.0,843504714.0,843504740.0,843505474.0
1629153482292879102,8592,853490000000,,843513764.0,843513784.0,843513809.0,843513810.0
1629153482305704123,8593,853498000000,,843522336.0,843522362.0,843522391.0,843523098.0
1629153482318756828,8594,853528000000,,843551837.0,843551859.0,843551885.0,843552601.0
1629153482332371691,8595,853528000000,,843551837.0,843551859.0,843551885.0,843552601.0
1629153482345229607,8596,853541000000,,843564123.0,843564143.0,843564168.0,843564905.0
1629153482358169797,8597,853548000000,,843571649.0,843571671.0,843571696.0,843572412.0
1629153482372282774,8598,853548000000,,843571649.0,843571671.0,843571696.0,843572412.0
1629153482385168068,8599,853608000000,,843630908.0,843630940.0,843630965.0,843630967.0
1629153482398011806,8600,853618000000,,843640453.0,843640476.0,843640504.0,843640506.0
1629153482399783977,8601,853648000000,,843670699.0,843670721.0,843670747.0,843671458.0
1629153482412688128,8602,853658000000,,843680010.0,843680031.0,843680057.0,843680058.0
1629153482425524114,8603,853668000000,,843689606.0,843689628.0,843689653.0,843689655.0
1629153482438370017,8604,853678000000,,843699789.0,843699811.0,843699836.0,843699838.0
1629153482464924302,8605,853728000000,,843749032.0,843749054.0,843749080.0,843749081.0
1629153482477816370,8606,853768000000,,843789003.0,843789025.0,843789050.0,843789052.0
1629153482490687207,8607,853778000000,,843798569.0,843798590.0,843798616.0,843798617.0
1629153482493734903,8608,853788000000,,843808461.0,843808483.0,843808508.0,843808510.0
1629153482506661194,8609,853808000000,,843828271.0,843828293.0,843828319.0,843828320.0
1629153482519540621,8610,853818000000,,843838176.0,843838198.0,843838223.0,843838225.0
1629153482544923377,8611,853828000000,,843848086.0,843848108.0,843848134.0,843848135.0
1629153482557770676,8612,853858000000,,843876715.0,843876737.0,843876763.0,843877477.0
1629153482570642910,8613,853868000000,,843887828.0,843887857.0,843887885.0,843887886.0
1629153482583490908,8614,853868000000,,843887828.0,843887857.0,843887885.0,843887886.0
1629153482596469092,8615,853878000000,,843897614.0,843897637.0,843897665.0,843897667.0
1629153482598115757,8616,853898000000,,843917415.0,843917437.0,843917463.0,843917464.0
1629153482623557389,8617,853908000000,,843927620.0,843927643.0,843927671.0,843927672.0
1629153482649082622,8618,853938000000,,843957037.0,843957059.0,843957084.0,843957085.0
1629153482662059688,8619,853938000000,,843957037.0,843957059.0,843957084.0,843957085.0
1629153482674959509,8620,853968000000,,843986751.0,843986773.0,843986798.0,843986800.0
1629153482687969261,8621,854018000000,,844035030.0,844035052.0,844035077.0,844035792.0
1629153482689673337,8622,854148000000,,844163492.0,844163514.0,844163540.0,844164252.0
1629153482702516376,8623,854158000000,,844173401.0,844173423.0,844173449.0,844174162.0
1629153482715610498,8624,854178000000,,844193675.0,844193697.0,844193723.0,844194439.0
1629153482728473303,8625,854188000000,,844203390.0,844203412.0,844203438.0,844204152.0
1629153482741297136,8626,854198000000,,844213319.0,844213341.0,844213366.0,844214079.0
1629153482766817340,8627,854238000000,,844252636.0,844252658.0,844252684.0,844253396.0
1629153482779792171,8628,854268000000,,844282355.0,844282377.0,844282402.0,844283114.0
1629153482792640938,8629,854268000000,,844282355.0,844282377.0,844282402.0,844283114.0
1629153482794464513,8630,854278000000,,844292260.0,844292282.0,844292308.0,844293020.0
1629153482807296238,8631,854288000000,,844302450.0,844302472.0,844302498.0,844303214.0
1629153482821088570,8632,854288000000,,844302450.0,844302472.0,844302498.0,844303214.0
1629153482833927908,8633,854318000000,,844332175.0,844332197.0,844332223.0,844332938.0
1629153482846822421,8634,854349000000,,844362429.0,844362451.0,844362477.0,844363184.0
1629153482872438867,8635,854358000000,,844372047.0,844372069.0,844372095.0,844372810.0
1629153482885253621,8636,854378000000,,844391309.0,844391331.0,844391356.0,844392070.0
1629153482898198420,8637,854398000000,,844411119.0,844411140.0,844411166.0,844411167.0
1629153482899953480,8638,854418000000,,844431222.0,844431244.0,844431270.0,844431986.0
1629153482912805040,8639,854468000000,,844480753.0,844480775.0,844480801.0,844481516.0
1629153482925601984,8640,854489000000,,844500559.0,844500581.0,844500606.0,844501339.0
1629153482938458293,8641,854518000000,,844529981.0,844530003.0,844530029.0,844530745.0
1629153482965170352,8642,854598000000,,844609060.0,844609082.0,844609107.0,844609109.0
1629153482977966038,8643,854648000000,,844658592.0,844658614.0,844658640.0,844658641.0
1629153482992056736,8644,854648000000,,844658592.0,844658614.0,844658640.0,844658641.0
1629153482993799434,8645,854668000000,,844678550.0,844678572.0,844678597.0,844679314.0
1629153483006834259,8646,854678000000,,844687957.0,844687979.0,844688004.0,844688006.0
1629153483019753217,8647,854698000000,,844707747.0,844707769.0,844707794.0,844707796.0
1629153483032702137,8648,854698000000,,844707747.0,844707769.0,844707794.0,844707796.0
1629153483045527925,8649,854729000000,,844737986.0,844738007.0,844738033.0,844738745.0
1629153483072148141,8650,854738000000,,844747381.0,844747403.0,844747428.0,844747429.0
1629153483085016673,8651,854768000000,,844776653.0,844776675.0,844776700.0,844776702.0
1629153483099535921,8652,854808000000,,844816579.0,844816600.0,844816626.0,844816627.0
1629153483112493502,8653,854818000000,,844826199.0,844826221.0,844826246.0,844826248.0
1629153483125375932,8654,854838000000,,844845988.0,844846010.0,844846036.0,844846037.0
1629153483138165961,8655,854858000000,,844865241.0,844865263.0,844865288.0,844866001.0
1629153483151057541,8656,854878000000,,844886036.0,844886058.0,844886084.0,844886085.0
1629153483176424582,8657,854888000000,,844895933.0,844895954.0,844895980.0,844895981.0
1629153483189258053,8658,854898000000,,844905842.0,844905864.0,844905889.0,844905891.0
1629153483190932375,8659,854918000000,,844925649.0,844925671.0,844925700.0,844925701.0
1629153483216487920,8660,854938000000,,844945474.0,844945496.0,844945521.0,844945523.0
1629153483229216628,8661,854968000000,,844974752.0,844974774.0,844974799.0,844974801.0
1629153483242102271,8662,854968000000,,844974752.0,844974774.0,844974799.0,844974801.0
1629153483254966682,8663,854978000000,,844984512.0,844984534.0,844984559.0,844984561.0
1629153483267958066,8664,854988000000,,844994564.0,844994586.0,844994611.0,844994613.0
1629153483280892319,8665,854998000000,,845004472.0,845004493.0,845004519.0,845004520.0
1629153483293799124,8666,854998000000,,845004472.0,845004493.0,845004519.0,845004520.0
1629153483295531486,8667,855018000000,,845024294.0,845024316.0,845024341.0,845024342.0
1629153483308421110,8668,855038000000,,845042972.0,845042994.0,845043020.0,845043728.0
1629153483321383439,8669,855058000000,,845063899.0,845063921.0,845063946.0,845063947.0
1629153483334212720,8670,855058000000,,845063899.0,845063921.0,845063946.0,845063947.0
1629153483347086071,8671,855078000000,,845083710.0,845083732.0,845083757.0,845083759.0
1629153483373706776,8672,855088000000,,845093453.0,845093475.0,845093500.0,845093502.0
1629153483386569441,8673,855098000000,,845103535.0,845103557.0,845103586.0,845103587.0
1629153483388418089,8674,855108000000,,845113425.0,845113450.0,845113475.0,845113477.0
1629153483401332158,8675,855128000000,,845133238.0,845133260.0,845133285.0,845133287.0
1629153483414287643,8676,855128000000,,845133238.0,845133260.0,845133285.0,845133287.0
1629153483427096530,8677,855148000000,,845153048.0,845153070.0,845153095.0,845153097.0
1629153483452678474,8678,855168000000,,845172301.0,845172323.0,845172349.0,845173064.0
1629153483621313288,8679,855178000000,,845182043.0,845182065.0,845182090.0,845182802.0
1629153483634438838,8680,855188000000,,845191601.0,845191623.0,845191648.0,845192355.0
1629153483661167519,8681,855198000000,,845201165.0,845201187.0,845201213.0,845201926.0
1629153483674070064,8682,855218000000,,845222231.0,845222253.0,845222278.0,845222280.0
1629153483687034349,8683,855238000000,,845241234.0,845241256.0,845241282.0,845241993.0
1629153483688768526,8684,855258000000,,845261037.0,845261059.0,845261084.0,845261086.0
1629153483702212626,8685,855268000000,,845271420.0,845271442.0,845271468.0,845272200.0
1629153483727701611,8686,855279000000,,845281507.0,845281529.0,845281555.0,845282266.0
1629153483741644243,8687,855279000000,,845281507.0,845281529.0,845281555.0,845282266.0
1629153483754503556,8688,855298000000,,845300492.0,845300514.0,845300539.0,845300541.0
1629153483767421256,8689,855308000000,,845310974.0,845310996.0,845311021.0,845311756.0
1629153483780197387,8690,855328000000,,845330252.0,845330274.0,845330300.0,845331011.0
1629153483793085684,8691,855328000000,,845330252.0,845330274.0,845330300.0,845331011.0
1629153483794839068,8692,855348000000,,845350035.0,845350056.0,845350082.0,845350792.0
1629153483895944332,8693,855368000000,,845369418.0,845369440.0,845369465.0,845370177.0
1629153483949466227,8694,855378000000,,845380313.0,845380335.0,845380360.0,845381071.0
1629153483974935586,8695,855388000000,,845389637.0,845389659.0,845389684.0,845389686.0
1629153483987836594,8696,855398000000,,845399683.0,845399705.0,845399730.0,845399732.0
1629153484002135211,8697,855408000000,,845409236.0,845409256.0,845409286.0,845409288.0
1629153484014998435,8698,855428000000,,845428669.0,845428694.0,845428719.0,845429430.0
1629153484041499501,8699,855448000000,,845448656.0,845448677.0,845448703.0,845449415.0
1629153484054516097,8700,855478000000,,845478372.0,845478394.0,845478419.0,845479136.0
1629153484067419061,8701,855488000000,,845488702.0,845488724.0,845488750.0,845489461.0
1629153484081341020,8702,855488000000,,845488702.0,845488724.0,845488750.0,845489461.0
1629153484122211523,8703,855508000000,,845508161.0,845508183.0,845508208.0,845508923.0
1629153484147729981,8704,855528000000,,845527954.0,845527976.0,845528002.0,845528717.0
1629153484160673732,8705,855548000000,,845547711.0,845547733.0,845547759.0,845548474.0
1629153484173560633,8706,855548000000,,845547711.0,845547733.0,845547759.0,845548474.0
1629153484186417920,8707,855568000000,,845567520.0,845567542.0,845567567.0,845568284.0
1629153484200780163,8708,855568000000,,845567520.0,845567542.0,845567567.0,845568284.0
1629153484213719235,8709,855568000000,,845567520.0,845567542.0,845567567.0,845568284.0
1629153484252383428,8710,855578000000,,845577853.0,845577875.0,845577901.0,845578611.0
1629153484304716472,8711,855588000000,,845587395.0,845587420.0,845587456.0,845588170.0
1629153484330075970,8712,855598000000,,845597064.0,845597086.0,845597111.0,845597827.0
1629153484342957702,8713,855598000000,,845597064.0,845597086.0,845597111.0,845597827.0
1629153484355823510,8714,855608000000,,845606972.0,845606993.0,845607019.0,845607734.0
1629153484368807491,8715,855628000000,,845627039.0,845627061.0,845627086.0,845627803.0
1629153484382104643,8716,855628000000,,845627039.0,845627061.0,845627086.0,845627803.0
1629153484394997410,8717,855648000000,,845646760.0,845646782.0,845646808.0,845647524.0
1629153484396740248,8718,855668000000,,845666640.0,845666662.0,845666687.0,845667403.0
1629153484409570227,8719,855688000000,,845686383.0,845686405.0,845686430.0,845687146.0
1629153484435071923,8720,855718000000,,845716101.0,845716123.0,845716148.0,845716865.0
1629153484447905743,8721,855768000000,,845765625.0,845765647.0,845765672.0,845766387.0
1629153484460898594,8722,855779000000,,845775533.0,845775555.0,845775584.0,845776313.0
1629153484473690509,8723,855779000000,,845775533.0,845775555.0,845775584.0,845776313.0
1629153484486499954,8724,855788000000,,845785435.0,845785461.0,845785487.0,845786200.0
1629153484488194531,8725,855798000000,,845794930.0,845794952.0,845794977.0,845794979.0
1629153484502330905,8726,855818000000,,845814906.0,845814928.0,845814954.0,845814955.0
1629153484527862773,8727,855838000000,,845834051.0,845834071.0,845834096.0,845834097.0
1629153484541899762,8728,855838000000,,845834051.0,845834071.0,845834096.0,845834097.0
1629153484593823043,8729,855858000000,,845854373.0,845854395.0,845854420.0,845854422.0
1629153484621953104,8730,855858000000,,845854373.0,845854395.0,845854420.0,845854422.0
1629153484634814511,8731,855878000000,,845873609.0,845873631.0,845873656.0,845873658.0
1629153484763661653,8732,855908000000,,845903891.0,845903913.0,845903939.0,845903940.0
1629153484866161243,8733,855918000000,,845912618.0,845912637.0,845912663.0,845913387.0
1629153484878934580,8734,855928000000,,845923860.0,845923882.0,845923907.0,845923909.0
1629153484892455506,8735,855928000000,,845923860.0,845923882.0,845923907.0,845923909.0
1629153484894205258,8736,855958000000,,845953070.0,845953092.0,845953117.0,845953119.0
1629153484932197990,8737,855968000000,,845962768.0,845962790.0,845962817.0,845962820.0
1629153484982930115,8738,855988000000,,845982557.0,845982576.0,845982602.0,845982603.0
1629153484995858153,8739,855998000000,,845992476.0,845992496.0,845992521.0,845992523.0
1629153484997658820,8740,856018000000,,846012280.0,846012299.0,846012325.0,846012326.0
1629153485010456462,8741,856038000000,,846031094.0,846031117.0,846031144.0,846031869.0
1629153485023262625,8742,856038000000,,846031094.0,846031117.0,846031144.0,846031869.0
1629153485036079683,8743,856058000000,,846052099.0,846052137.0,846052162.0,846052164.0
1629153485062468442,8744,856078000000,,846071711.0,846071759.0,846071785.0,846071786.0
1629153485102328400,8745,856088000000,,846081613.0,846081635.0,846081660.0,846081662.0
1629153485128107020,8746,856098000000,,846091493.0,846091515.0,846091540.0,846091542.0
1629153485154836539,8747,856108000000,,846101477.0,846101497.0,846101522.0,846101524.0
1629153485167757382,8748,856118000000,,846111336.0,846111386.0,846111411.0,846111413.0
1629153485181976729,8749,856118000000,,846111336.0,846111386.0,846111411.0,846111413.0
1629153485194898340,8750,856138000000,,846131344.0,846131376.0,846131401.0,846131403.0
1629153485196613870,8751,856158000000,,846150959.0,846150979.0,846151004.0,846151005.0
1629153485209407601,8752,856169000000,,846161840.0,846161859.0,846161885.0,846162598.0
1629153485222282907,8753,856169000000,,846161840.0,846161859.0,846161885.0,846162598.0
1629153485247685358,8754,856178000000,,846170763.0,846170808.0,846170833.0,846170835.0
1629153485260549909,8755,856188000000,,846180678.0,846180697.0,846180723.0,846180724.0
1629153485273439393,8756,856188000000,,846180678.0,846180697.0,846180723.0,846180724.0
1629153485286347874,8757,856198000000,,846190587.0,846190607.0,846190634.0,846190635.0
1629153485288073671,8758,856228000000,,846219298.0,846219320.0,846219348.0,846220073.0
1629153485302046195,8759,856238000000,,846229410.0,846229436.0,846229462.0,846230186.0
1629153485314896848,8760,856248000000,,846240666.0,846240686.0,846240712.0,846240713.0
1629153485327944035,8761,856278000000,,846268248.0,846268268.0,846268293.0,846269030.0
1629153485342047234,8762,856278000000,,846268248.0,846268268.0,846268293.0,846269030.0
1629153485367663751,8763,856288000000,,846278727.0,846278752.0,846278780.0,846279506.0
1629153485381754448,8764,856288000000,,846278727.0,846278752.0,846278780.0,846279506.0
1629153485394593925,8765,856298000000,,846288785.0,846288807.0,846288832.0,846289587.0
1629153485396247086,8766,856328000000,,846318558.0,846318585.0,846318610.0,846319335.0
1629153485409120646,8767,856348000000,,846338551.0,846338573.0,846338598.0,846339341.0
1629153485422150793,8768,856348000000,,846338551.0,846338573.0,846338598.0,846339341.0
1629153485447812776,8769,856368000000,,846357713.0,846357733.0,846357758.0,846358498.0
1629153485461994198,8770,856368000000,,846357713.0,846357733.0,846357758.0,846358498.0
1629153485475032656,8771,856378000000,,846367875.0,846367900.0,846367929.0,846368656.0
1629153485488112948,8772,856388000000,,846378170.0,846378190.0,846378215.0,846378941.0
1629153485502617879,8773,856398000000,,846387715.0,846387738.0,846387765.0,846388492.0
1629153485515872497,8774,856408000000,,846397253.0,846397273.0,846397298.0,846398038.0
1629153485555101852,8775,856448000000,,846437213.0,846437237.0,846437265.0,846437996.0
1629153485568183402,8776,856458000000,,846446748.0,846446770.0,846446795.0,846447536.0
1629153485582317890,8777,856458000000,,846446748.0,846446770.0,846446795.0,846447536.0
1629153485609190655,8778,856469000000,,846458018.0,846458039.0,846458068.0,846458069.0
1629153485647491599,8779,856488000000,,846476833.0,846476858.0,846476885.0,846477615.0
1629153485661601643,8780,856488000000,,846476833.0,846476858.0,846476885.0,846477615.0
1629153485674638913,8781,856509000000,,846497262.0,846497282.0,846497313.0,846498040.0
1629153485687660189,8782,856528000000,,846516494.0,846516517.0,846516546.0,846517274.0
1629153485701938622,8783,856548000000,,846535761.0,846535783.0,846535809.0,846536551.0
1629153485714946838,8784,856568000000,,846555480.0,846555502.0,846555527.0,846556261.0
1629153485727910564,8785,856578000000,,846565403.0,846565425.0,846565451.0,846566189.0
1629153485740858367,8786,856588000000,,846575291.0,846575310.0,846575336.0,846576071.0
1629153485753926088,8787,856588000000,,846575291.0,846575310.0,846575336.0,846576071.0
1629153485767087397,8788,856599000000,,846586817.0,846586837.0,846586862.0,846586864.0
1629153485779941612,8789,856608000000,,846595102.0,846595124.0,846595149.0,846595887.0
1629153485792875725,8790,856608000000,,846595102.0,846595124.0,846595149.0,846595887.0
1629153485794574632,8791,856618000000,,846605603.0,846605626.0,846605654.0,846606386.0
1629153485807548695,8792,856649000000,,846636337.0,846636357.0,846636382.0,846636384.0
1629153485821766226,8793,856649000000,,846636337.0,846636357.0,846636382.0,846636384.0
1629153485834675755,8794,856659000000,,846646230.0,846646250.0,846646275.0,846646277.0
1629153485847710720,8795,856669000000,,846655131.0,846655153.0,846655181.0,846655964.0
1629153485861878733,8796,856669000000,,846655131.0,846655153.0,846655181.0,846655964.0
1629153485874680146,8797,856688000000,,846674938.0,846674963.0,846674992.0,846675724.0
1629153485887617961,8798,856699000000,,846686074.0,846686094.0,846686119.0,846686121.0
1629153485902754962,8799,856729000000,,846715583.0,846715603.0,846715628.0,846715629.0
1629153485915625519,8800,856749000000,,846735372.0,846735392.0,846735417.0,846735419.0
1629153485928398507,8801,856759000000,,846745358.0,846745380.0,846745407.0,846745409.0
1629153485942349311,8802,856759000000,,846745358.0,846745380.0,846745407.0,846745409.0
1629153485955332593,8803,856778000000,,846763495.0,846763517.0,846763542.0,846764267.0
1629153485968402340,8804,856788000000,,846773416.0,846773435.0,846773461.0,846774194.0
1629153485982723865,8805,856788000000,,846773416.0,846773435.0,846773461.0,846774194.0
1629153485995755687,8806,856808000000,,846793241.0,846793263.0,846793288.0,846794030.0
1629153485997547345,8807,856819000000,,846804744.0,846804763.0,846804789.0,846804790.0
1629153486011611502,8808,856828000000,,846813045.0,846813070.0,846813097.0,846813862.0
1629153486037287803,8809,856859000000,,846844343.0,846844363.0,846844388.0,846844390.0
1629153486051481308,8810,856859000000,,846844343.0,846844363.0,846844388.0,846844390.0
1629153486064452368,8811,856869000000,,846852702.0,846852725.0,846852765.0,846853499.0
1629153486077498089,8812,856878000000,,846861708.0,846861730.0,846861755.0,846861757.0
1629153486090325693,8813,856899000000,,846882605.0,846882625.0,846882650.0,846883392.0
1629153486093584731,8814,856909000000,,846893895.0,846893915.0,846893941.0,846893942.0
1629153486106614249,8815,856930000000,,846913683.0,846913726.0,846913752.0,846913754.0
1629153486119560096,8816,856950000000,,846933512.0,846933555.0,846933580.0,846933581.0
1629153486145251553,8817,856958000000,,846940970.0,846940992.0,846941017.0,846941018.0
1629153486172122920,8818,856980000000,,846963208.0,846963227.0,846963253.0,846963254.0
1629153486185146781,8819,856990000000,,846973108.0,846973138.0,846973163.0,846973165.0
1629153486198233569,8820,856998000000,,846980590.0,846980611.0,846980637.0,846980638.0
1629153486212806665,8821,857030000000,,847012724.0,847012744.0,847012770.0,847012771.0
1629153486225925371,8822,857050000000,,847032557.0,847032578.0,847032613.0,847032615.0
1629153486238964178,8823,857068000000,,847049905.0,847049927.0,847049953.0,847049954.0
1629153486252611308,8824,857068000000,,847049905.0,847049927.0,847049953.0,847049954.0
1629153486278419401,8825,857078000000,,847060053.0,847060075.0,847060100.0,847060102.0
1629153486291265095,8826,857089000000,,847070548.0,847070568.0,847070593.0,847071318.0
1629153486293109064,8827,857110000000,,847091953.0,847091982.0,847092008.0,847092009.0
1629153486306096187,8828,857120000000,,847101853.0,847101874.0,847101909.0,847101911.0
1629153486319365752,8829,857298000000,,847276414.0,847276439.0,847276468.0,847277211.0
1629153486332166537,8830,857298000000,,847276414.0,847276439.0,847276468.0,847277211.0
1629153486344986598,8831,857318000000,,847296980.0,847297002.0,847297027.0,847297743.0
1629153486357889423,8832,857339000000,,847318742.0,847318764.0,847318792.0,847318794.0
1629153486371869071,8833,857339000000,,847318742.0,847318764.0,847318792.0,847318794.0
1629153486384845788,8834,857351000000,,847329148.0,847329167.0,847329193.0,847329920.0
1629153486397960862,8835,857370000000,,847348493.0,847348517.0,847348545.0,847349281.0
1629153486399671433,8836,857380000000,,847358029.0,847358049.0,847358074.0,847358815.0
1629153486412589972,8837,857388000000,,847365334.0,847365358.0,847365386.0,847366122.0
1629153486425358001,8838,857408000000,,847385147.0,847385170.0,847385199.0,847385946.0
1629153486438228628,8839,857438000000,,847414856.0,847414878.0,847414904.0,847415616.0
1629153486451106100,8840,857448000000,,847424768.0,847424793.0,847424820.0,847425557.0
1629153486464108728,8841,857448000000,,847424768.0,847424793.0,847424820.0,847425557.0
1629153486477019444,8842,857458000000,,847434671.0,847434693.0,847434719.0,847435435.0
1629153486491389929,8843,857478000000,,847454480.0,847454502.0,847454527.0,847455240.0
1629153486504323065,8844,857588000000,,847563466.0,847563488.0,847563513.0,847564224.0
1629153486517434018,8845,857628000000,,847603063.0,847603085.0,847603110.0,847603825.0
1629153486531526811,8846,857628000000,,847603063.0,847603085.0,847603110.0,847603825.0
1629153486544670031,8847,857658000000,,847632784.0,847632810.0,847632838.0,847633575.0
1629153486596773575,8848,857670000000,,847645109.0,847645129.0,847645154.0,847645893.0
1629153486611075334,8849,857670000000,,847645109.0,847645129.0,847645154.0,847645893.0
1629153486636864011,8850,857688000000,,847662502.0,847662525.0,847662553.0,847663295.0
1629153486649887313,8851,857698000000,,847672406.0,847672431.0,847672458.0,847673198.0
1629153486662781826,8852,857698000000,,847672406.0,847672431.0,847672458.0,847673198.0
1629153486675748346,8853,857718000000,,847692213.0,847692235.0,847692260.0,847692993.0
1629153486702976397,8854,857718000000,,847692213.0,847692235.0,847692260.0,847692993.0
1629153486716057528,8855,857738000000,,847711820.0,847711845.0,847711872.0,847711874.0
1629153486729154024,8856,857748000000,,847722207.0,847722232.0,847722259.0,847722998.0
1629153486781038473,8857,857808000000,,847781380.0,847781402.0,847781428.0,847782144.0
1629153486794060169,8858,857828000000,,847801178.0,847801203.0,847801230.0,847801977.0
1629153486795812575,8859,857838000000,,847810467.0,847810489.0,847810514.0,847810516.0
1629153486808686345,8860,857868000000,,847840797.0,847840819.0,847840844.0,847841560.0
1629153486822118083,8861,857868000000,,847840797.0,847840819.0,847840844.0,847841560.0
1629153486835055688,8862,857938000000,,847910137.0,847910163.0,847910188.0,847910901.0
1629153486847933369,8863,857988000000,,847958762.0,847958784.0,847958812.0,847958814.0
1629153486861896745,8864,857988000000,,847958762.0,847958784.0,847958812.0,847958814.0
1629153486874801175,8865,858008000000,,847978573.0,847978595.0,847978624.0,847978625.0
1629153486887935805,8866,858038000000,,848008290.0,848008312.0,848008340.0,848008342.0
1629153486889732980,8867,858048000000,,848018218.0,848018240.0,848018269.0,848018270.0
1629153486902664020,8868,858078000000,,848047918.0,848047940.0,848047965.0,848047967.0
1629153486915460405,8869,858088000000,,848057816.0,848057843.0,848057869.0,848057870.0
1629153486928326493,8870,858098000000,,848067722.0,848067744.0,848067769.0,848067771.0
1629153486942638380,8871,858098000000,,848067722.0,848067744.0,848067769.0,848067771.0
1629153486955442517,8872,858118000000,,848087846.0,848087868.0,848087893.0,848087895.0
1629153486968177581,8873,858128000000,,848097449.0,848097471.0,848097496.0,848097498.0
1629153486982417321,8874,858128000000,,848097449.0,848097471.0,848097496.0,848097498.0
1629153486996754840,8875,858148000000,,848117252.0,848117274.0,848117300.0,848117301.0
1629153487009627213,8876,858168000000,,848137125.0,848137147.0,848137173.0,848137174.0
1629153487022469834,8877,858168000000,,848137125.0,848137147.0,848137173.0,848137174.0
1629153487035404087,8878,858178000000,,848147267.0,848147289.0,848147314.0,848147316.0
1629153487048249012,8879,858188000000,,848156873.0,848156895.0,848156920.0,848156922.0
1629153487062369602,8880,858188000000,,848156873.0,848156895.0,848156920.0,848156922.0
1629153487088097725,8881,858278000000,,848244814.0,848244836.0,848244861.0,848245574.0
1629153487102534909,8882,858388000000,,848353441.0,848353463.0,848353488.0,848354201.0
1629153487115475448,8883,858418000000,,848383456.0,848383484.0,848383510.0,848384229.0
1629153487128339859,8884,858448000000,,848412873.0,848412895.0,848412920.0,848413634.0
1629153487154844347,8885,858458000000,,848422778.0,848422800.0,848422825.0,848423539.0
1629153487167830772,8886,858568000000,,848531759.0,848531780.0,848531806.0,848532517.0
1629153487180822365,8887,858578000000,,848541633.0,848541655.0,848541681.0,848542392.0
1629153487193741393,8888,858578000000,,848541633.0,848541655.0,848541681.0,848542392.0
1629153487208090087,8889,858578000000,,848541633.0,848541655.0,848541681.0,848542392.0
1629153487221124004,8890,858618000000,,848581547.0,848581569.0,848581594.0,848582310.0
1629153487234254514,8891,858618000000,,848581547.0,848581569.0,848581594.0,848582310.0
1629153487389617109,8892,858618000000,,848581547.0,848581569.0,848581594.0,848582310.0
1629153487405583902,8893,858668000000,,848631078.0,848631100.0,848631125.0,848631842.0
1629153487418591210,8894,858678000000,,848640692.0,848640714.0,848640740.0,848641455.0
1629153487432352393,8895,858678000000,,848640692.0,848640714.0,848640740.0,848641455.0
1629153487484905719,8896,858688000000,,848650588.0,848650610.0,848650635.0,848651349.0
1629153487499215511,8897,858698000000,,848660493.0,848660515.0,848660540.0,848661255.0
1629153487537705587,8898,858748000000,,848710052.0,848710074.0,848710099.0,848710100.0
1629153487615123231,8899,858788000000,,848749941.0,848749963.0,848749988.0,848750704.0
1629153487628102882,8900,858808000000,,848769926.0,848769948.0,848769973.0,848770685.0
1629153487640875101,8901,858838000000,,848799167.0,848799189.0,848799215.0,848799930.0
1629153487653817177,8902,858838000000,,848799167.0,848799189.0,848799215.0,848799930.0
1629153487679266002,8903,858848000000,,848809378.0,848809400.0,848809426.0,848810141.0
1629153487692170642,8904,858848000000,,848809378.0,848809400.0,848809426.0,848810141.0
1629153487706465558,8905,858848000000,,848809378.0,848809400.0,848809426.0,848810141.0
1629153487719556676,8906,858878000000,,848838791.0,848838812.0,848838838.0,848839554.0
1629153487732455869,8907,858878000000,,848838791.0,848838812.0,848838838.0,848839554.0
1629153487758366280,8908,858888000000,,848848694.0,848848716.0,848848741.0,848849457.0
1629153487772655608,8909,858888000000,,848848694.0,848848716.0,848848741.0,848849457.0
1629153487798434647,8910,858898000000,,848858901.0,848858923.0,848858948.0,848859660.0
1629153487800154157,8911,858928000000,,848888316.0,848888338.0,848888363.0,848889078.0
1629153487813141630,8912,858948000000,,848908126.0,848908148.0,848908173.0,848908888.0
1629153487852454865,8913,858968000000,,848927424.0,848927446.0,848927471.0,848927473.0
1629153487865308031,8914,858978000000,,848937838.0,848937860.0,848937886.0,848938601.0
1629153487982536325,8915,859008000000,,848967569.0,848967591.0,848967616.0,848968328.0
1629153487996864485,8916,859049000000,,849007182.0,849007204.0,849007229.0,849007940.0
1629153488022501395,8917,859078000000,,849035964.0,849035986.0,849036011.0,849036013.0
1629153488035384873,8918,859088000000,,849045856.0,849045878.0,849045904.0,849045905.0
1629153488048164077,8919,859098000000,,849055752.0,849055774.0,849055800.0,849055801.0
1629153488073649360,8920,859128000000,,849085890.0,849085912.0,849085937.0,849085939.0
1629153488086525924,8921,859158000000,,849115205.0,849115227.0,849115253.0,849115254.0
1629153488114622949,8922,859158000000,,849115205.0,849115227.0,849115253.0,849115254.0
1629153488127468084,8923,859178000000,,849135078.0,849135100.0,849135125.0,849135126.0
1629153488154008680,8924,859188000000,,849144704.0,849144726.0,849144752.0,849144753.0
1629153488166851231,8925,859198000000,,849154831.0,849154853.0,849154879.0,849154880.0
1629153488179781293,8926,859228000000,,849184595.0,849184617.0,849184643.0,849184644.0
1629153488219358601,8927,859238000000,,849194447.0,849194469.0,849194494.0,849194496.0
1629153488232151284,8928,859238000000,,849194447.0,849194469.0,849194494.0,849194496.0
1629153488257716746,8929,859258000000,,849214266.0,849214288.0,849214314.0,849214315.0
1629153488270591074,8930,859298000000,,849252749.0,849252771.0,849252796.0,849253504.0
1629153488283465054,8931,859298000000,,849252749.0,849252771.0,849252796.0,849253504.0
1629153488296428641,8932,859328000000,,849283680.0,849283702.0,849283728.0,849283729.0
1629153488298113998,8933,859358000000,,849312751.0,849312773.0,849312798.0,849313513.0
1629153488323619047,8934,859369000000,,849323073.0,849323095.0,849323121.0,849323854.0
1629153488336530951,8935,859369000000,,849323073.0,849323095.0,849323121.0,849323854.0
1629153488349228090,8936,859388000000,,849342827.0,849342849.0,849342874.0,849342876.0
1629153488362279817,8937,859388000000,,849342827.0,849342849.0,849342874.0,849342876.0
1629153488375142762,8938,859398000000,,849352941.0,849352963.0,849352992.0,849352994.0
1629153488388117663,8939,859418000000,,849372750.0,849372772.0,849372797.0,849372799.0
1629153488389804138,8940,859428000000,,849382660.0,849382682.0,849382707.0,849382709.0
1629153488427927964,8941,859448000000,,849402471.0,849402492.0,849402518.0,849402519.0
1629153488440835747,8942,859468000000,,849422089.0,849422111.0,849422137.0,849422138.0
1629153488491419667,8943,859478000000,,849431085.0,849431107.0,849431132.0,849431837.0
1629153488493121927,8944,859498000000,,849450456.0,849450478.0,849450504.0,849451216.0
1629153488506255020,8945,859518000000,,849470259.0,849470281.0,849470307.0,849471022.0
1629153488544671903,8946,859538000000,,849490072.0,849490094.0,849490120.0,849490833.0
1629153488557582968,8947,859558000000,,849510309.0,849510331.0,849510356.0,849511061.0
1629153488583046321,8948,859578000000,,849529702.0,849529724.0,849529750.0,849530462.0
1629153488595941113,8949,859588000000,,849539601.0,849539623.0,849539648.0,849540364.0
1629153488662206872,8950,859598000000,,849549512.0,849549544.0,849549570.0,849550282.0
1629153488753486760,8951,859598000000,,849549512.0,849549544.0,849549570.0,849550282.0
1629153488766233068,8952,859618000000,,849569318.0,849569340.0,849569365.0,849570077.0
1629153488779117734,8953,859638000000,,849589728.0,849589750.0,849589775.0,849590484.0
1629153488791941916,8954,859638000000,,849589728.0,849589750.0,849589775.0,849590484.0
1629153488793699560,8955,859658000000,,849609044.0,849609066.0,849609091.0,849609802.0
1629153488806489659,8956,859679000000,,849629738.0,849629760.0,849629785.0,849630495.0
1629153488819251752,8957,859688000000,,849639283.0,849639305.0,849639330.0,849640040.0
1629153488832093045,8958,859688000000,,849639283.0,849639305.0,849639330.0,849640040.0
1629153488845026181,8959,859698000000,,849648147.0,849648167.0,849648192.0,849648194.0
1629153488857845335,8960,859728000000,,849678277.0,849678299.0,849678324.0,849679035.0
1629153488871673775,8961,859728000000,,849678277.0,849678299.0,849678324.0,849679035.0
1629153488884500402,8962,859748000000,,849698085.0,849698107.0,849698132.0,849698844.0
1629153488897305587,8963,859768000000,,849717694.0,849717716.0,849717741.0,849718453.0
1629153488899014831,8964,859778000000,,849727649.0,849727669.0,849727694.0,849728406.0
1629153488912113841,8965,859788000000,,849737716.0,849737738.0,849737764.0,849738480.0
1629153488925029586,8966,859798000000,,849747616.0,849747638.0,849747664.0,849748380.0
1629153488937984792,8967,859808000000,,849757941.0,849757963.0,849757988.0,849758699.0
1629153488951676412,8968,859808000000,,849757941.0,849757963.0,849757988.0,849758699.0
1629153488964555001,8969,859828000000,,849777335.0,849777357.0,849777383.0,849778098.0
1629153488977469768,8970,859858000000,,849806867.0,849806889.0,849806915.0,849807630.0
1629153488991166207,8971,859858000000,,849806867.0,849806889.0,849806915.0,849807630.0
1629153488992923572,8972,859868000000,,849816951.0,849816973.0,849816999.0,849817714.0
1629153489005790707,8973,859888000000,,849836576.0,849836595.0,849836621.0,849837333.0
1629153489018618661,8974,859898000000,,849846499.0,849846521.0,849846546.0,849847261.0
1629153489031879495,8975,859898000000,,849846499.0,849846521.0,849846546.0,849847261.0
1629153489044657232,8976,859908000000,,849856574.0,849856595.0,849856621.0,849857355.0
1629153489071051020,8977,859928000000,,849876390.0,849876412.0,849876437.0,849877154.0
1629153489084177060,8978,859968000000,,849916010.0,849916032.0,849916058.0,849916059.0
1629153489097024918,8979,859978000000,,849924741.0,849924764.0,849924792.0,849925567.0
1629153489098712720,8980,859988000000,,849935883.0,849935904.0,849935930.0,849935931.0
1629153489111965453,8981,859998000000,,849945723.0,849945745.0,849945771.0,849945772.0
1629153489124856334,8982,860008000000,,849954436.0,849954458.0,849954483.0,849955214.0
1629153489137828651,8983,860028000000,,849975438.0,849975459.0,849975485.0,849976199.0
1629153489163961580,8984,860048000000,,849995254.0,849995276.0,849995301.0,849996016.0
1629153489176882353,8985,860068000000,,850014647.0,850014669.0,850014694.0,850014696.0
1629153489189624192,8986,860088000000,,850034673.0,850034695.0,850034721.0,850035437.0
1629153489192447974,8987,860098000000,,850044364.0,850044386.0,850044412.0,850044413.0
1629153489205408558,8988,860109000000,,850054779.0,850054801.0,850054826.0,850055544.0
1629153489218251528,8989,860118000000,,850064378.0,850064400.0,850064425.0,850065140.0
1629153489232113632,8990,860118000000,,850064378.0,850064400.0,850064425.0,850065140.0
1629153489244984469,8991,860128000000,,850073492.0,850073514.0,850073539.0,850073541.0
1629153489257837495,8992,860139000000,,850085944.0,850085966.0,850085991.0,850085993.0
1629153489271781315,8993,860139000000,,850085944.0,850085966.0,850085991.0,850085993.0
1629153489284574278,8994,860168000000,,850113700.0,850113722.0,850113747.0,850113749.0
1629153489297454403,8995,860180000000,,850125699.0,850125719.0,850125745.0,850125746.0
1629153489299143183,8996,860189000000,,850133737.0,850133759.0,850133785.0,850134494.0
1629153489311985943,8997,860208000000,,850153319.0,850153341.0,850153367.0,850153368.0
1629153489324844628,8998,860228000000,,850172565.0,850172588.0,850172616.0,850172617.0
1629153489337583393,8999,860288000000,,850232188.0,850232216.0,850232243.0,850232245.0
1629153489350612072,9000,860328000000,,850270614.0,850270636.0,850270661.0,850271403.0
1629153489363391137,9001,860328000000,,850270614.0,850270636.0,850270661.0,850271403.0
1629153489376198417,9002,860338000000,,850281740.0,850281763.0,850281791.0,850281793.0
1629153489389100473,9003,860368000000,,850311233.0,850311253.0,850311278.0,850311280.0
1629153489391947862,9004,860408000000,,850351080.0,850351107.0,850351134.0,850351136.0
1629153489404818769,9005,860418000000,,850360714.0,850360736.0,850360761.0,850360763.0
1629153489417630030,9006,860468000000,,850410260.0,850410282.0,850410307.0,850410309.0
1629153489431348819,9007,860468000000,,850410260.0,850410282.0,850410307.0,850410309.0
1629153489444132003,9008,860478000000,,850419198.0,850419220.0,850419245.0,850420000.0
1629153489469615052,9009,860488000000,,850430412.0,850430434.0,850430470.0,850430472.0
1629153489482446846,9010,860488000000,,850430412.0,850430434.0,850430470.0,850430472.0
1629153489495160469,9011,860498000000,,850439222.0,850439247.0,850439273.0,850440009.0
1629153489496937599,9012,860518000000,,850460163.0,850460206.0,850460232.0,850460233.0
1629153489509891547,9013,860538000000,,850479633.0,850479655.0,850479680.0,850479681.0
1629153489522705742,9014,860538000000,,850479633.0,850479655.0,850479680.0,850479681.0
1629153489535617995,9015,860558000000,,850499447.0,850499467.0,850499493.0,850499494.0
1629153489548741380,9016,860578000000,,850519465.0,850519523.0,850519551.0,850519552.0
1629153489562193233,9017,860578000000,,850519465.0,850519523.0,850519551.0,850519552.0
1629153489575317037,9018,860588000000,,850529135.0,850529155.0,850529180.0,850529182.0
1629153489588345228,9019,860598000000,,850539068.0,850539088.0,850539113.0,850539115.0
1629153489590221883,9020,860608000000,,850548978.0,850548998.0,850549023.0,850549024.0
1629153489603316773,9021,860618000000,,850558879.0,850558899.0,850558925.0,850558926.0
1629153489616406005,9022,860648000000,,850587230.0,850587252.0,850587277.0,850588001.0
1629153489629516609,9023,860658000000,,850598511.0,850598530.0,850598556.0,850598557.0
1629153489642322633,9024,860658000000,,850598511.0,850598530.0,850598556.0,850598557.0
1629153489655150307,9025,860688000000,,850628470.0,850628519.0,850628548.0,850628549.0
1629153489667929581,9026,860700000000,,850638917.0,850638937.0,850638962.0,850639675.0
1629153489681865857,9027,860700000000,,850638917.0,850638937.0,850638962.0,850639675.0
1629153489694654560,9028,860728000000,,850667844.0,850667864.0,850667889.0,850667891.0
1629153489696494687,9029,860738000000,,850677754.0,850677774.0,850677799.0,850677800.0
1629153489709269910,9030,860768000000,,850705908.0,850705930.0,850705956.0,850706663.0
1629153489722177623,9031,860768000000,,850705908.0,850705930.0,850705956.0,850706663.0
1629153489735058028,9032,860778000000,,850715798.0,850715820.0,850715846.0,850716553.0
1629153489747910287,9033,860788000000,,850726285.0,850726307.0,850726332.0,850727078.0
1629153489761722943,9034,860788000000,,850726285.0,850726307.0,850726332.0,850727078.0
1629153489774694562,9035,860799000000,,850737431.0,850737485.0,850737515.0,850737517.0
1629153489787443245,9036,860808000000,,850745502.0,850745524.0,850745549.0,850746256.0
1629153489802069770,9037,860818000000,,850755406.0,850755428.0,850755454.0,850756161.0
1629153489814929921,9038,860839000000,,850777065.0,850777115.0,850777143.0,850777144.0
1629153489827755709,9039,860858000000,,850795031.0,850795053.0,850795079.0,850795784.0
1629153489841588829,9040,860858000000,,850795031.0,850795053.0,850795079.0,850795784.0
1629153489854424745,9041,860868000000,,850804952.0,850804974.0,850805000.0,850805707.0
1629153489867298026,9042,860908000000,,850844576.0,850844598.0,850844624.0,850845332.0
1629153489881066542,9043,860908000000,,850844576.0,850844598.0,850844624.0,850845332.0
1629153489893926413,9044,861078000000,,851012957.0,851012981.0,851013007.0,851013762.0
1629153489895677283,9045,861099000000,,851032994.0,851033016.0,851033041.0,851033757.0
1629153489908439655,9046,861109000000,,851044287.0,851044306.0,851044332.0,851044333.0
1629153489921360568,9047,861179000000,,851113610.0,851113630.0,851113655.0,851113657.0
1629153489934354885,9048,861179000000,,851113610.0,851113630.0,851113655.0,851113657.0
1629153489947237106,9049,861188000000,,851121925.0,851121947.0,851121973.0,851122680.0
1629153489960985438,9050,861188000000,,851121925.0,851121947.0,851121973.0,851122680.0
1629153489974052670,9051,861200000000,,851133408.0,851133427.0,851133453.0,851133454.0
1629153489986848916,9052,861228000000,,851160151.0,851160172.0,851160198.0,851160910.0
1629153489988544819,9053,861308000000,,851239954.0,851239975.0,851240001.0,851240002.0
1629153490001467758,9054,861318000000,,851249859.0,851249880.0,851249906.0,851249907.0
1629153490014270080,9055,861318000000,,851249859.0,851249880.0,851249906.0,851249907.0
1629153490027179190,9056,861328000000,,851260002.0,851260024.0,851260050.0,851260051.0
1629153490039988775,9057,861370000000,,851301768.0,851301789.0,851301815.0,851301816.0
1629153490052921073,9058,861370000000,,851301768.0,851301789.0,851301815.0,851301816.0
1629153490065732404,9059,861410000000,,851341396.0,851341416.0,851341441.0,851341443.0
1629153490078575723,9060,861450000000,,851380062.0,851380082.0,851380108.0,851380849.0
1629153490091437759,9061,861488000000,,851418306.0,851418328.0,851418353.0,851418355.0
1629153490094315669,9062,861500000000,,851430003.0,851430024.0,851430051.0,851430786.0
1629153490107211370,9063,861510000000,,851439696.0,851439716.0,851439746.0,851440485.0
1629153490120162245,9064,861528000000,,851456758.0,851456780.0,851456805.0,851457514.0
1629153490133084206,9065,861528000000,,851456758.0,851456780.0,851456805.0,851457514.0
1629153490145870185,9066,861558000000,,851487446.0,851487467.0,851487493.0,851488204.0
1629153490158692481,9067,861598000000,,851526906.0,851526928.0,851526953.0,851527665.0
1629153490172047393,9068,861598000000,,851526906.0,851526928.0,851526953.0,851527665.0
1629153490185107711,9069,861608000000,,851536579.0,851536601.0,851536626.0,851537344.0
1629153490198037494,9070,861680000000,,851607588.0,851607608.0,851607633.0,851608352.0
1629153490199699734,9071,861690000000,,851617268.0,851617287.0,851617313.0,851618021.0
1629153490212688254,9072,861711000000,,851637623.0,851637675.0,851637700.0,851638440.0
1629153490225717702,9073,861728000000,,851654462.0,851654484.0,851654510.0,851655223.0
1629153490238639384,9074,861739000000,,851665358.0,851665380.0,851665405.0,851666121.0
1629153490251612609,9075,861768000000,,851694092.0,851694117.0,851694145.0,851694901.0
1629153490264425267,9076,861768000000,,851694092.0,851694117.0,851694145.0,851694901.0
1629153490277326205,9077,861778000000,,851703995.0,851704017.0,851704042.0,851704805.0
1629153490291111763,9078,861778000000,,851703995.0,851704017.0,851704042.0,851704805.0
1629153490292830924,9079,861818000000,,851743873.0,851743898.0,851743925.0,851744662.0
1629153490305635970,9080,861848000000,,851773334.0,851773356.0,851773382.0,851774097.0
1629153490318478171,9081,861858000000,,851783237.0,851783259.0,851783284.0,851784052.0
1629153490332414657,9082,861858000000,,851783237.0,851783259.0,851783284.0,851784052.0
1629153490345195886,9083,861868000000,,851793143.0,851793165.0,851793190.0,851793905.0
1629153490358094450,9084,861908000000,,851832771.0,851832793.0,851832818.0,851833536.0
1629153490371106508,9085,861948000000,,851872387.0,851872411.0,851872439.0,851873202.0
1629153490384042297,9086,861948000000,,851872387.0,851872411.0,851872439.0,851873202.0
1629153490396927242,9087,861958000000,,851882288.0,851882310.0,851882335.0,851883071.0
1629153490398610504,9088,861988000000,,851912001.0,851912023.0,851912048.0,851912816.0
1629153490437295929,9089,861998000000,,851921911.0,851921933.0,851921959.0,851922677.0
1629153490451155380,9090,861998000000,,851921911.0,851921933.0,851921959.0,851922677.0
1629153490464010851,9091,862018000000,,851941728.0,851941751.0,851941780.0,851942537.0
1629153490476902012,9092,862038000000,,851961534.0,851961556.0,851961581.0,851962300.0
1629153490489732619,9093,862068000000,,851991259.0,851991281.0,851991307.0,851992061.0
1629153490492695178,9094,862078000000,,852001164.0,852001195.0,852001221.0,852001940.0
1629153490505456642,9095,862088000000,,852011062.0,852011084.0,852011110.0,852011829.0
1629153490530901836,9096,862118000000,,852040781.0,852040803.0,852040829.0,852041582.0
1629153490543724831,9097,862118000000,,852040781.0,852040803.0,852040829.0,852041582.0
1629153490556685833,9098,862128000000,,852050688.0,852050710.0,852050735.0,852051471.0
1629153490569556949,9099,862188000000,,852110127.0,852110149.0,852110178.0,852110892.0
1629153490582545330,9100,862188000000,,852110127.0,852110149.0,852110178.0,852110892.0
1629153490595337105,9101,862198000000,,852120031.0,852120056.0,852120082.0,852120797.0
1629153490609622173,9102,862198000000,,852120031.0,852120056.0,852120082.0,852120797.0
1629153490622679348,9103,862198000000,,852120031.0,852120056.0,852120082.0,852120797.0
1629153490648058262,9104,862209000000,,852129940.0,852129962.0,852129987.0,852130739.0
1629153490660974426,9105,862238000000,,852158757.0,852158779.0,852158805.0,852158806.0
1629153490673994166,9106,862238000000,,852158757.0,852158779.0,852158805.0,852158806.0
1629153490687060420,9107,862248000000,,852168668.0,852168690.0,852168716.0,852168717.0
1629153490688719797,9108,862278000000,,852198370.0,852198392.0,852198417.0,852198418.0
1629153490702265517,9109,862288000000,,852208274.0,852208295.0,852208320.0,852208322.0
1629153490715503722,9110,862358000000,,852276923.0,852276945.0,852276970.0,852277683.0
1629153490728352209,9111,862468000000,,852386539.0,852386567.0,852386591.0,852386593.0
1629153490741268862,9112,862478000000,,852396441.0,852396463.0,852396488.0,852396489.0
1629153490754175109,9113,862478000000,,852396441.0,852396463.0,852396488.0,852396489.0
1629153490767049717,9114,862488000000,,852406345.0,852406367.0,852406392.0,852406393.0
1629153490779853016,9115,862498000000,,852416248.0,852416270.0,852416295.0,852416296.0
1629153490792827918,9116,862498000000,,852416248.0,852416270.0,852416295.0,852416296.0
1629153490794632426,9117,862508000000,,852426163.0,852426185.0,852426210.0,852426212.0
1629153490807491948,9118,862538000000,,852454631.0,852454653.0,852454677.0,852455394.0
1629153490820338200,9119,862548000000,,852465792.0,852465814.0,852465839.0,852465840.0
1629153490833160497,9120,862548000000,,852465792.0,852465814.0,852465839.0,852465840.0
1629153490846025466,9121,862578000000,,852495480.0,852495502.0,852495527.0,852495528.0
1629153490859001764,9122,862588000000,,852505391.0,852505417.0,852505443.0,852505449.0
1629153490872075213,9123,862588000000,,852505391.0,852505417.0,852505443.0,852505449.0
1629153490884921186,9124,862598000000,,852515286.0,852515308.0,852515336.0,852515338.0
1629153490897870664,9125,862608000000,,852525190.0,852525215.0,852525240.0,852525242.0
1629153490899742570,9126,862618000000,,852535098.0,852535120.0,852535144.0,852535146.0
1629153490912962337,9127,862628000000,,852545022.0,852545044.0,852545069.0,852545070.0
1629153490926025030,9128,862658000000,,852573166.0,852573188.0,852573212.0,852574758.0
1629153490938790685,9129,862668000000,,852583068.0,852583090.0,852583115.0,852583833.0
1629153490964710315,9130,862688000000,,852602876.0,852602898.0,852602922.0,852603638.0
1629153490977657908,9131,862698000000,,852612779.0,852612801.0,852612826.0,852613542.0
1629153490990551862,9132,862708000000,,852622683.0,852622705.0,852622729.0,852623451.0
1629153490993429703,9133,862738000000,,852652394.0,852652416.0,852652440.0,852653156.0
1629153491006248018,9134,862768000000,,852682106.0,852682128.0,852682152.0,852682868.0
1629153491019055857,9135,862778000000,,852692008.0,852692030.0,852692055.0,852692770.0
1629153491032068892,9136,862778000000,,852692008.0,852692030.0,852692055.0,852692770.0
1629153491044859061,9137,862788000000,,852701919.0,852701941.0,852701966.0,852702685.0
1629153491057611306,9138,862798000000,,852711816.0,852711837.0,852711862.0,852712578.0
1629153491070524607,9139,862808000000,,852721719.0,852721741.0,852721766.0,852722482.0
1629153491083374840,9140,862808000000,,852721719.0,852721741.0,852721766.0,852722482.0
1629153491096123942,9141,862818000000,,852731623.0,852731645.0,852731669.0,852732385.0
1629153491097921606,9142,862828000000,,852741537.0,852741559.0,852741584.0,852742300.0
1629153491110850341,9143,862858000000,,852771237.0,852771259.0,852771285.0,852772000.0
1629153491123748346,9144,862858000000,,852771237.0,852771259.0,852771285.0,852772000.0
1629153491136686441,9145,862868000000,,852781142.0,852781167.0,852781192.0,852781907.0
1629153491149480381,9146,862888000000,,852800949.0,852800971.0,852800996.0,852801711.0
1629153491162305891,9147,862888000000,,852800949.0,852800971.0,852800996.0,852801711.0
1629153491175296506,9148,862898000000,,852810860.0,852810882.0,852810906.0,852811622.0
1629153491188340132,9149,862908000000,,852820755.0,852820777.0,852820802.0,852821535.0
1629153491190060062,9150,862918000000,,852830659.0,852830681.0,852830705.0,852831421.0
1629153491203081128,9151,862938000000,,852850467.0,852850489.0,852850513.0,852851229.0
1629153491216149199,9152,862948000000,,852860371.0,852860396.0,852860423.0,852861149.0
1629153491229232076,9153,862978000000,,852890086.0,852890108.0,852890132.0,852890847.0
1629153491242095579,9154,862978000000,,852890086.0,852890108.0,852890132.0,852890847.0
1629153491255023895,9155,862988000000,,852900289.0,852900311.0,852900336.0,852901055.0
1629153491267861348,9156,862998000000,,852909888.0,852909910.0,852909935.0,852910654.0
1629153491281723103,9157,862998000000,,852909888.0,852909910.0,852909935.0,852910654.0
1629153491294581438,9158,863008000000,,852919792.0,852919813.0,852919838.0,852920557.0
1629153491296203449,9159,863018000000,,852929695.0,852929717.0,852929742.0,852930461.0
1629153491309018481,9160,863028000000,,852939602.0,852939631.0,852939655.0,852940382.0
1629153491322116444,9161,863028000000,,852939602.0,852939631.0,852939655.0,852940382.0
1629153491334979947,9162,863048000000,,852959714.0,852959736.0,852959760.0,852960480.0
1629153491347832066,9163,863068000000,,852979213.0,852979235.0,852979260.0,852979979.0
1629153491360667284,9164,863088000000,,852999020.0,852999042.0,852999067.0,852999786.0
1629153491373569130,9165,863088000000,,852999020.0,852999042.0,852999067.0,852999786.0
1629153491386371242,9166,863098000000,,853008924.0,853008946.0,853008970.0,853009690.0
1629153491388090613,9167,863108000000,,853018835.0,853018857.0,853018882.0,853019608.0
1629153491400980377,9168,863118000000,,853028731.0,853028753.0,853028778.0,853029498.0
1629153491413899544,9169,863118000000,,853028731.0,853028753.0,853028778.0,853029498.0
1629153491426841550,9170,863138000000,,853048538.0,853048560.0,853048585.0,853049304.0
1629153491439664055,9171,863169000000,,853078552.0,853078574.0,853078599.0,853079318.0
1629153491452506816,9172,863169000000,,853078552.0,853078574.0,853078599.0,853079318.0
1629153491465491425,9173,863188000000,,853098061.0,853098083.0,853098108.0,853098831.0
1629153491478340820,9174,863198000000,,853107960.0,853107982.0,853108007.0,853108727.0
1629153491491198875,9175,863208000000,,853117864.0,853117886.0,853117911.0,853118630.0
1629153491492988857,9176,863228000000,,853137671.0,853137693.0,853137718.0,853138437.0
1629153491505848309,9177,863239000000,,853147576.0,853147598.0,853147622.0,853148343.0
1629153491518693234,9178,863268000000,,853177286.0,853177308.0,853177332.0,853178052.0
1629153491531537251,9179,863279000000,,853187189.0,853187211.0,853187236.0,853187973.0
1629153491544281953,9180,863279000000,,853187189.0,853187211.0,853187236.0,853187973.0
1629153491557230664,9181,863288000000,,853197093.0,853197115.0,853197139.0,853197859.0
1629153491583982951,9182,863298000000,,853207029.0,853207051.0,853207076.0,853207077.0
1629153491596821800,9183,863308000000,,853216654.0,853216676.0,853216700.0,853216702.0
1629153491598592644,9184,863328000000,,853236708.0,853236730.0,853236758.0,853237474.0
1629153491612458590,9185,863348000000,,853256523.0,853256545.0,853256569.0,853257285.0
1629153491625366582,9186,863359000000,,853266422.0,853266444.0,853266468.0,853267203.0
1629153491638286518,9187,863389000000,,853296136.0,853296158.0,853296183.0,853296898.0
1629153491651309471,9188,863398000000,,853305076.0,853305098.0,853305123.0,853305124.0
1629153491664137564,9189,863398000000,,853305076.0,853305098.0,853305123.0,853305124.0
1629153491677097309,9190,863408000000,,853314800.0,853314824.0,853314849.0,853314850.0
1629153491690109366,9191,863428000000,,853334639.0,853334661.0,853334686.0,853334687.0
1629153491702962952,9192,863428000000,,853334639.0,853334661.0,853334686.0,853334687.0
1629153491715904120,9193,863448000000,,853354798.0,853354820.0,853354844.0,853354846.0
1629153491728760708,9194,863468000000,,853374254.0,853374276.0,853374301.0,853374302.0
1629153491742048921,9195,863468000000,,853374254.0,853374276.0,853374301.0,853374302.0
1629153491754887002,9196,863488000000,,853394208.0,853394230.0,853394254.0,853394256.0
1629153491767702872,9197,863498000000,,853403929.0,853403951.0,853403976.0,853403977.0
1629153491794256180,9198,863508000000,,853413866.0,853413888.0,853413912.0,853413914.0
1629153491807086648,9199,863528000000,,853433657.0,853433678.0,853433703.0,853433705.0
1629153491820047860,9200,863548000000,,853453662.0,853453684.0,853453709.0,853453710.0
1629153491833025625,9201,863548000000,,853453662.0,853453684.0,853453709.0,853453710.0
1629153491845997173,9202,863558000000,,853463370.0,853463392.0,853463417.0,853463418.0
1629153491858841191,9203,863588000000,,853493735.0,853493757.0,853493782.0,853493783.0
1629153491872032602,9204,863588000000,,853493735.0,853493757.0,853493782.0,853493783.0
1629153491897761354,9205,863598000000,,853503261.0,853503283.0,853503308.0,853503310.0
1629153491911654189,9206,863598000000,,853503261.0,853503283.0,853503308.0,853503310.0
1629153491924694532,9207,863608000000,,853513061.0,853513083.0,853513108.0,853513109.0
1629153491937705821,9208,863618000000,,853523410.0,853523432.0,853523456.0,853523458.0
1629153491951620028,9209,863618000000,,853523410.0,853523432.0,853523456.0,853523458.0
1629153491964669800,9210,863648000000,,853552666.0,853552688.0,853552713.0,853552714.0
1629153491977686187,9211,863668000000,,853572476.0,853572498.0,853572522.0,853572524.0
1629153491991478240,9212,863668000000,,853572476.0,853572498.0,853572522.0,853572524.0
1629153492004229297,9213,863678000000,,853582378.0,853582400.0,853582424.0,853582426.0
1629153492017263145,9214,863688000000,,853591177.0,853591199.0,853591223.0,853591935.0
1629153492031177631,9215,863688000000,,853591177.0,853591199.0,853591223.0,853591935.0
1629153492044123757,9216,863698000000,,853602256.0,853602278.0,853602303.0,853602305.0
1629153492057026023,9217,863728000000,,853631895.0,853631917.0,853631942.0,853631943.0
1629153492069839868,9218,863738000000,,853641627.0,853641649.0,853641674.0,853641675.0
1629153492082662514,9219,863738000000,,853641627.0,853641649.0,853641674.0,853641675.0
1629153492095769207,9220,863758000000,,853661628.0,853661650.0,853661675.0,853661677.0
1629153492108700527,9221,863778000000,,853681414.0,853681436.0,853681464.0,853681465.0
1629153492121977774,9222,863778000000,,853681414.0,853681436.0,853681464.0,853681465.0
1629153492134868516,9223,863788000000,,853690247.0,853690269.0,853690293.0,853691007.0
1629153492147733416,9224,863798000000,,853700116.0,853700138.0,853700162.0,853700873.0
1629153492161627578,9225,863798000000,,853700116.0,853700138.0,853700162.0,853700873.0
1629153492174559317,9226,863808000000,,853709664.0,853709686.0,853709710.0,853710427.0
1629153492199930408,9227,863818000000,,853720848.0,853720870.0,853720895.0,853720896.0
1629153492212838401,9228,863818000000,,853720848.0,853720870.0,853720895.0,853720896.0
1629153492225835511,9229,863838000000,,853739290.0,853739312.0,853739337.0,853740071.0
1629153492238750977,9230,863858000000,,853759527.0,853759550.0,853759577.0,853760317.0
1629153492252160785,9231,863858000000,,853759527.0,853759550.0,853759577.0,853760317.0
1629153492265212023,9232,863878000000,,853778919.0,853778941.0,853778966.0,853779689.0
1629153492278289383,9233,863898000000,,853798769.0,853798791.0,853798816.0,853799532.0
1629153492292270568,9234,863898000000,,853798769.0,853798791.0,853798816.0,853799532.0
1629153492305350441,9235,863908000000,,853808468.0,853808490.0,853808515.0,853809231.0
1629153492318357260,9236,863918000000,,853819881.0,853819903.0,853819928.0,853819929.0
1629153492332363658,9237,863918000000,,853819881.0,853819903.0,853819928.0,853819929.0
1629153492345267251,9238,863928000000,,853828255.0,853828277.0,853828301.0,853829017.0
1629153492358335880,9239,863938000000,,853838326.0,853838348.0,853838373.0,853839089.0
1629153492371317975,9240,863948000000,,853848709.0,853848731.0,853848755.0,853849468.0
1629153492384438287,9241,863948000000,,853848709.0,853848731.0,853848755.0,853849468.0
1629153492397293968,9242,863978000000,,853878363.0,853878385.0,853878410.0,853879123.0
1629153492411138542,9243,863978000000,,853878363.0,853878385.0,853878410.0,853879123.0
1629153492424132650,9244,863988000000,,853888467.0,853888488.0,853888513.0,853889226.0
1629153492437122707,9245,863998000000,,853898739.0,853898761.0,853898785.0,853899502.0
1629153492449967143,9246,864018000000,,853918546.0,853918568.0,853918592.0,853919309.0
1629153492462907961,9247,864018000000,,853918546.0,853918568.0,853918592.0,853919309.0
1629153492475724251,9248,864038000000,,853937934.0,853937956.0,853937980.0,853937982.0
1629153492488615272,9249,864058000000,,853958164.0,853958186.0,853958211.0,853958924.0
1629153492501446089,9250,864068000000,,853967447.0,853967469.0,853967494.0,853967495.0
1629153492514315529,9251,864068000000,,853967447.0,853967469.0,853967494.0,853967495.0
1629153492527195026,9252,864098000000,,853996372.0,853996394.0,853996421.0,853996423.0
1629153492541005447,9253,864098000000,,853996372.0,853996394.0,853996421.0,853996423.0
1629153492553983911,9254,864108000000,,854007360.0,854007381.0,854007406.0,854008122.0
1629153492566979415,9255,864138000000,,854036997.0,854037019.0,854037044.0,854037759.0
1629153492579907522,9256,864158000000,,854056828.0,854056850.0,854056874.0,854057590.0
1629153492592929497,9257,864158000000,,854056828.0,854056850.0,854056874.0,854057590.0
1629153492605751514,9258,864178000000,,854076217.0,854076243.0,854076268.0,854076983.0
1629153492618692332,9259,864188000000,,854085923.0,854085945.0,854085970.0,854086691.0
1629153492631990672,9260,864188000000,,854085923.0,854085945.0,854085970.0,854086691.0
1629153492645087727,9261,864198000000,,854095821.0,854095843.0,854095867.0,854096607.0
1629153492658012132,9262,864208000000,,854105725.0,854105746.0,854105771.0,854106493.0
1629153492670944290,9263,864228000000,,854125532.0,854125554.0,854125578.0,854126300.0
1629153492684004748,9264,864228000000,,854125532.0,854125554.0,854125578.0,854126300.0
1629153492697050608,9265,864258000000,,854155243.0,854155264.0,854155289.0,854156011.0
1629153492709948334,9266,864268000000,,854165146.0,854165168.0,854165193.0,854165915.0
1629153492722714687,9267,864268000000,,854165146.0,854165168.0,854165193.0,854165915.0
1629153492735624635,9268,864288000000,,854184954.0,854184975.0,854185000.0,854185741.0
1629153492748479129,9269,864348000000,,854244374.0,854244396.0,854244421.0,854245143.0
1629153492761316441,9270,864358000000,,854254279.0,854254301.0,854254325.0,854255047.0
1629153492774112756,9271,864358000000,,854254279.0,854254301.0,854254325.0,854255047.0
1629153492787044286,9272,864388000000,,854283570.0,854283592.0,854283617.0,854283618.0
1629153492826241513,9273,864398000000,,854293874.0,854293896.0,854293921.0,854293922.0
1629153492838962189,9274,864409000000,,854304235.0,854304256.0,854304281.0,854304996.0
1629153492852186426,9275,864409000000,,854304235.0,854304256.0,854304281.0,854304996.0
1629153492865180534,9276,864428000000,,854323437.0,854323459.0,854323484.0,854324202.0
1629153492878119397,9277,864438000000,,854333339.0,854333361.0,854333385.0,854334103.0
1629153492891139486,9278,864468000000,,854363057.0,854363079.0,854363103.0,854363822.0
1629153492904175848,9279,864468000000,,854363057.0,854363079.0,854363103.0,854363822.0
1629153492917158711,9280,864478000000,,854372945.0,854372967.0,854372992.0,854373710.0
1629153492929939102,9281,864489000000,,854383032.0,854383056.0,854383083.0,854383826.0
1629153492942820764,9282,864489000000,,854383032.0,854383056.0,854383083.0,854383826.0
1629153492955335197,9283,864508000000,,854402833.0,854402855.0,854402883.0,854403598.0
1629153492968219164,9284,864518000000,,854412565.0,854412587.0,854412611.0,854413330.0
1629153492981150554,9285,864548000000,,854442280.0,854442302.0,854442326.0,854443045.0
1629153492994074750,9286,864548000000,,854442280.0,854442302.0,854442326.0,854443045.0
1629153493006990285,9287,864558000000,,854452189.0,854452211.0,854452236.0,854452954.0
1629153493020866078,9288,864558000000,,854452189.0,854452211.0,854452236.0,854452954.0
1629153493033894339,9289,864579000000,,854472006.0,854472030.0,854472061.0,854472786.0
1629153493047035115,9290,864598000000,,854491802.0,854491824.0,854491849.0,854492563.0
1629153493061104161,9291,864598000000,,854491802.0,854491824.0,854491849.0,854492563.0
1629153493073932813,9292,864608000000,,854500896.0,854500921.0,854500947.0,854500950.0
1629153493086970712,9293,864619000000,,854511618.0,854511640.0,854511664.0,854512379.0
1629153493100095704,9294,864629000000,,854521521.0,854521543.0,854521567.0,854522282.0
1629153493113071652,9295,864629000000,,854521521.0,854521543.0,854521567.0,854522282.0
1629153493126181977,9296,864639000000,,854531420.0,854531442.0,854531467.0,854532181.0
1629153493139053652,9297,864659000000,,854551226.0,854551249.0,854551282.0,854552003.0
1629153493152382513,9298,864659000000,,854551226.0,854551249.0,854551282.0,854552003.0
1629153493165421180,9299,864678000000,,854570206.0,854570228.0,854570253.0,854570254.0
1629153493178370100,9300,864688000000,,854580089.0,854580114.0,854580140.0,854580142.0
1629153493192229690,9301,864688000000,,854580089.0,854580114.0,854580140.0,854580142.0
1629153493205250756,9302,864698000000,,854590007.0,854590029.0,854590054.0,854590055.0
1629153493218131720,9303,864708000000,,854600477.0,854600499.0,854600527.0,854600529.0
1629153493230955064,9304,864718000000,,854610011.0,854610033.0,854610062.0,854610064.0
1629153493244126361,9305,864718000000,,854610011.0,854610033.0,854610062.0,854610064.0
1629153493257080170,9306,864748000000,,854639542.0,854639564.0,854639589.0,854639590.0
1629153493270143282,9307,864758000000,,854649996.0,854650018.0,854650043.0,854650044.0
1629153493282965019,9308,864758000000,,854649996.0,854650018.0,854650043.0,854650044.0
1629153493295926231,9309,864768000000,,854659504.0,854659526.0,854659550.0,854659552.0
1629153493308791481,9310,864798000000,,854689043.0,854689065.0,854689090.0,854689091.0
1629153493322250876,9311,864798000000,,854689043.0,854689065.0,854689090.0,854689091.0
1629153493335364763,9312,864808000000,,854699014.0,854699036.0,854699060.0,854699062.0
1629153493348326673,9313,864818000000,,854708854.0,854708876.0,854708900.0,854708902.0
1629153493362109577,9314,864818000000,,854708854.0,854708876.0,854708900.0,854708902.0
1629153493375019735,9315,864838000000,,854728654.0,854728676.0,854728701.0,854728702.0
1629153493388061754,9316,864848000000,,854738529.0,854738551.0,854738576.0,854738577.0
1629153493401897877,9317,864848000000,,854738529.0,854738551.0,854738576.0,854738577.0
1629153493414770669,9318,864878000000,,854767287.0,854767309.0,854767334.0,854768052.0
1629153493427715957,9319,864888000000,,854777356.0,854777378.0,854777404.0,854778133.0
1629153493441278859,9320,864888000000,,854777356.0,854777378.0,854777404.0,854778133.0
1629153493454133212,9321,864898000000,,854787492.0,854787514.0,854787538.0,854788276.0
1629153493467128508,9322,864908000000,,854797021.0,854797043.0,854797067.0,854797787.0
1629153493480116050,9323,864918000000,,854806901.0,854806923.0,854806947.0,854807665.0
1629153493493093815,9324,864918000000,,854806901.0,854806923.0,854806947.0,854807665.0
1629153493506118025,9325,864928000000,,854817951.0,854817973.0,854817998.0,854817999.0
1629153493519064430,9326,864958000000,,854847506.0,854847528.0,854847553.0,854847554.0
1629153493532072506,9327,864958000000,,854847506.0,854847528.0,854847553.0,854847554.0
1629153493545084563,9328,864968000000,,854857409.0,854857431.0,854857459.0,854857461.0
1629153493558129865,9329,864998000000,,854887127.0,854887149.0,854887173.0,854887175.0
1629153493571102043,9330,865008000000,,854897016.0,854897038.0,854897062.0,854897064.0
1629153493584029661,9331,865008000000,,854897016.0,854897038.0,854897062.0,854897064.0
1629153493597055407,9332,865018000000,,854906923.0,854906946.0,854906982.0,854906983.0
1629153493610000416,9333,865038000000,,854925182.0,854925204.0,854925229.0,854925938.0
1629153493622948638,9334,865038000000,,854925182.0,854925204.0,854925229.0,854925938.0
1629153493635881634,9335,865048000000,,854935087.0,854935109.0,854935133.0,854935842.0
1629153493648740108,9336,865058000000,,854944976.0,854945001.0,854945027.0,854945756.0
1629153493662242037,9337,865058000000,,854944976.0,854945001.0,854945027.0,854945756.0
1629153493675235307,9338,865088000000,,854974703.0,854974725.0,854974749.0,854975458.0
1629153493688215935,9339,865098000000,,854984569.0,854984591.0,854984616.0,854985360.0
1629153493702124624,9340,865098000000,,854984569.0,854984591.0,854984616.0,854985360.0
1629153493715077036,9341,865108000000,,854994511.0,854994533.0,854994558.0,854995267.0
1629153493728069537,9342,865128000000,,855014315.0,855014336.0,855014361.0,855015070.0
1629153493741917324,9343,865128000000,,855014315.0,855014336.0,855014361.0,855015070.0
1629153493754821266,9344,865138000000,,855024780.0,855024802.0,855024827.0,855025544.0
1629153493767838771,9345,865168000000,,855053976.0,855053998.0,855054023.0,855054736.0
1629153493781819467,9346,865168000000,,855053976.0,855053998.0,855054023.0,855054736.0
1629153493794677522,9347,865178000000,,855063836.0,855063857.0,855063882.0,855064591.0
1629153493807611985,9348,865188000000,,855073703.0,855073725.0,855073750.0,855074485.0
1629153493821482331,9349,865188000000,,855073703.0,855073725.0,855073750.0,855074485.0
1629153493834463727,9350,865198000000,,855083644.0,855083666.0,855083691.0,855084399.0
1629153493847450572,9351,865208000000,,855093546.0,855093568.0,855093593.0,855094301.0
1629153493861117258,9352,865208000000,,855093546.0,855093568.0,855093593.0,855094301.0
1629153493874077143,9353,865218000000,,855103447.0,855103468.0,855103493.0,855104201.0
1629153493887066013,9354,865228000000,,855113320.0,855113342.0,855113367.0,855114084.0
1629153493900997261,9355,865228000000,,855113320.0,855113342.0,855113367.0,855114084.0
1629153493913948136,9356,865258000000,,855143065.0,855143087.0,855143112.0,855143819.0
1629153493926921222,9357,865288000000,,855172737.0,855172758.0,855172783.0,855173490.0
1629153493939825792,9358,865298000000,,855182674.0,855182695.0,855182720.0,855183427.0
1629153493952759626,9359,865298000000,,855182674.0,855182695.0,855182720.0,855183427.0
1629153493965733130,9360,865308000000,,855193142.0,855193164.0,855193189.0,855193905.0
1629153493991280643,9361,865318000000,,855202865.0,855202887.0,855202912.0,855203629.0
1629153494004249188,9362,865318000000,,855202865.0,855202887.0,855202912.0,855203629.0
1629153494017224020,9363,865328000000,,855212421.0,855212443.0,855212468.0,855213180.0
1629153494030004271,9364,865338000000,,855222304.0,855222326.0,855222350.0,855223058.0
1629153494042967788,9365,865338000000,,855222304.0,855222326.0,855222350.0,855223058.0
1629153494055913844,9366,865348000000,,855232762.0,855232787.0,855232813.0,855233550.0
1629153494068860390,9367,865378000000,,855262137.0,855262159.0,855262183.0,855262900.0
1629153494081577504,9368,865378000000,,855262137.0,855262159.0,855262183.0,855262900.0
1629153494094516646,9369,865388000000,,855271792.0,855271814.0,855271839.0,855272550.0
1629153494107430436,9370,865418000000,,855301518.0,855301540.0,855301565.0,855302276.0
1629153494121064645,9371,865418000000,,855301518.0,855301540.0,855301565.0,855302276.0
1629153494133973895,9372,865428000000,,855311422.0,855311444.0,855311469.0,855312180.0
1629153494146936923,9373,865458000000,,855341136.0,855341158.0,855341183.0,855341894.0
1629153494159780452,9374,865468000000,,855351036.0,855351058.0,855351082.0,855351793.0
1629153494172717289,9375,865468000000,,855351036.0,855351058.0,855351082.0,855351793.0
1629153494185508366,9376,865498000000,,855380746.0,855380768.0,855380792.0,855381503.0
1629153494198537045,9377,865508000000,,855390773.0,855390795.0,855390819.0,855391535.0
1629153494211409349,9378,865518000000,,855400547.0,855400569.0,855400594.0,855401304.0
1629153494224346745,9379,865518000000,,855400547.0,855400569.0,855400594.0,855401304.0
1629153494237200959,9380,865548000000,,855430268.0,855430290.0,855430315.0,855431026.0
1629153494250259950,9381,865558000000,,855440244.0,855440266.0,855440291.0,855441007.0
1629153494263397234,9382,865558000000,,855440244.0,855440266.0,855440291.0,855441007.0
1629153494276443793,9383,865598000000,,855479785.0,855479807.0,855479831.0,855480543.0
1629153494289557121,9384,865628000000,,855509500.0,855509522.0,855509547.0,855510259.0
1629153494315111618,9385,865638000000,,855519403.0,855519425.0,855519449.0,855520161.0
1629153494328320490,9386,865668000000,,855548505.0,855548527.0,855548552.0,855548553.0
1629153494342239795,9387,865668000000,,855548505.0,855548527.0,855548552.0,855548553.0
1629153494355318760,9388,865678000000,,855559013.0,855559035.0,855559059.0,855559771.0
1629153494368340735,9389,865708000000,,855588724.0,855588749.0,855588774.0,855589481.0
1629153494382359705,9390,865708000000,,855588724.0,855588749.0,855588774.0,855589481.0
1629153494395272656,9391,865718000000,,855598632.0,855598654.0,855598679.0,855599386.0
1629153494408162210,9392,865748000000,,855628305.0,855628327.0,855628351.0,855629058.0
1629153494422291810,9393,865748000000,,855628305.0,855628327.0,855628351.0,855629058.0
1629153494435172564,9394,865759000000,,855638222.0,855638244.0,855638269.0,855638976.0
1629153494448089845,9395,865768000000,,855647286.0,855648141.0,855648166.0,855648873.0
1629153494462112935,9396,865768000000,,855647286.0,855648141.0,855648166.0,855648873.0
1629153494474936838,9397,865798000000,,855677027.0,855677049.0,855677077.0,855677079.0
1629153494487824227,9398,865808000000,,855686934.0,855686956.0,855686984.0,855686985.0
1629153494514191266,9399,865838000000,,855716645.0,855716667.0,855716695.0,855716697.0
1629153494527184745,9400,865848000000,,855726550.0,855726572.0,855726599.0,855726601.0
1629153494541166489,9401,865848000000,,855726550.0,855726572.0,855726599.0,855726601.0
1629153494554112406,9402,865878000000,,855756258.0,855756279.0,855756307.0,855756309.0
1629153494567232788,9403,865898000000,,855776045.0,855776067.0,855776096.0,855776097.0
1629153494581199166,9404,865898000000,,855776045.0,855776067.0,855776096.0,855776097.0
1629153494594235738,9405,865928000000,,855805775.0,855805797.0,855805825.0,855805826.0
1629153494607118378,9406,865938000000,,855815683.0,855815705.0,855815733.0,855815734.0
1629153494620080777,9407,865968000000,,855845375.0,855845397.0,855845424.0,855845426.0
1629153494633034377,9408,865968000000,,855845375.0,855845397.0,855845424.0,855845426.0
1629153494646064872,9409,865978000000,,855855282.0,855855304.0,855855332.0,855855333.0
1629153494658895410,9410,866008000000,,855883819.0,855883841.0,855883869.0,855884614.0
1629153494672257026,9411,866008000000,,855883819.0,855883841.0,855883869.0,855884614.0
1629153494685332360,9412,866018000000,,855894135.0,855894157.0,855894185.0,855894898.0
1629153494698217305,9413,866048000000,,855923593.0,855923615.0,855923645.0,855923646.0
1629153494711248709,9414,866058000000,,855934524.0,855934546.0,855934574.0,855934575.0
1629153494724126040,9415,866058000000,,855934524.0,855934546.0,855934574.0,855934575.0
1629153494737031798,9416,866068000000,,855944394.0,855944416.0,855944444.0,855944446.0
1629153494750051049,9417,866098000000,,855974140.0,855974165.0,855974193.0,855974195.0
1629153494762937390,9418,866098000000,,855974140.0,855974165.0,855974193.0,855974195.0
1629153494775731960,9419,866128000000,,856003852.0,856003874.0,856003902.0,856003903.0
1629153494788540218,9420,866138000000,,856013754.0,856013776.0,856013804.0,856013805.0
1629153494802230581,9421,866138000000,,856013754.0,856013776.0,856013804.0,856013805.0
1629153494815172656,9422,866148000000,,856023641.0,856023663.0,856023690.0,856023692.0
1629153494828014368,9423,866178000000,,856052547.0,856052569.0,856052596.0,856053313.0
1629153494840957561,9424,866188000000,,856062100.0,856062127.0,856062158.0,856062889.0
1629153494866612770,9425,866198000000,,856072380.0,856072402.0,856072430.0,856073163.0
1629153494879581735,9426,866228000000,,856102293.0,856102315.0,856102343.0,856103060.0
1629153494892477924,9427,866228000000,,856102293.0,856102315.0,856102343.0,856103060.0
1629153494905512610,9428,866258000000,,856132004.0,856132026.0,856132054.0,856132771.0
1629153494918330017,9429,866268000000,,856141707.0,856141729.0,856141757.0,856142473.0
1629153494931227324,9430,866278000000,,856151252.0,856151273.0,856151301.0,856152009.0
1629153494956824354,9431,866308000000,,856180534.0,856180556.0,856180583.0,856181333.0
1629153494969637152,9432,866318000000,,856190436.0,856190458.0,856190486.0,856191219.0
1629153494982492065,9433,866318000000,,856190436.0,856190458.0,856190486.0,856191219.0
1629153494995403410,9434,866348000000,,856220147.0,856220169.0,856220197.0,856220933.0
1629153495008276342,9435,866358000000,,856230051.0,856230073.0,856230100.0,856230850.0
1629153495021159750,9436,866368000000,,856239954.0,856239976.0,856240006.0,856240720.0
1629153495034100219,9437,866368000000,,856239954.0,856239976.0,856240006.0,856240720.0
1629153495047040409,9438,866398000000,,856269667.0,856269689.0,856269717.0,856270435.0
1629153495059948820,9439,866408000000,,856279575.0,856279598.0,856279637.0,856280352.0
1629153495072893340,9440,866408000000,,856279575.0,856279598.0,856279637.0,856280352.0
1629153495085799238,9441,866438000000,,856309354.0,856309376.0,856309403.0,856310155.0
1629153495098631312,9442,866448000000,,856319184.0,856319206.0,856319234.0,856319982.0
1629153495111970439,9443,866448000000,,856319184.0,856319206.0,856319234.0,856319982.0
1629153495124949950,9444,866468000000,,856338992.0,856339014.0,856339043.0,856339794.0
1629153495137930718,9445,866488000000,,856358799.0,856358821.0,856358848.0,856359581.0
1629153495151806721,9446,866488000000,,856358799.0,856358821.0,856358848.0,856359581.0
1629153495164824365,9447,866498000000,,856368906.0,856368933.0,856368961.0,856369674.0
1629153495177723209,9448,866528000000,,856398412.0,856398434.0,856398462.0,856399201.0
1629153495190682116,9449,866538000000,,856408316.0,856408337.0,856408365.0,856409088.0
1629153495203693475,9450,866538000000,,856408316.0,856408337.0,856408365.0,856409088.0
1629153495216703017,9451,866568000000,,856438027.0,856438049.0,856438076.0,856438830.0
1629153495229622185,9452,866578000000,,856447932.0,856447954.0,856447982.0,856448735.0
1629153495242534857,9453,866578000000,,856447932.0,856447954.0,856447982.0,856448735.0
