%time,field.header.seq,field.header.stamp,field.header.frame_id,field.values0,field.values1,field.values2,field.values3
1629157732323281774,101,56137000000,,55540848.0,55540870.0,55540895.0,55541674.0
1629157732336948070,102,56137000000,,55540848.0,55540870.0,55540895.0,55541674.0
1629157732402372678,103,56217000000,,55620143.0,55620166.0,55620198.0,55621005.0
1629157732558628818,104,56487000000,,55887589.0,55887611.0,55887637.0,55888436.0
1629157732609861644,105,56527000000,,55926354.0,55926376.0,55926401.0,55927198.0
1629157732700403962,106,56617000000,,56015773.0,56015798.0,56015824.0,56016619.0
1629157732751908959,107,56667000000,,56064459.0,56064481.0,56064507.0,56065282.0
1629157732858307313,108,56797000000,,56193801.0,56193823.0,56193849.0,56194646.0
1629157732895950179,109,56837000000,,56232568.0,56232590.0,56232616.0,56233393.0
1629157732908700364,110,56837000000,,56232568.0,56232590.0,56232616.0,56233393.0
1629157732949150717,111,56887000000,,56282662.0,56282684.0,56282709.0,56283488.0
1629157733000272425,112,56927000000,,56321461.0,56321483.0,56321509.0,56322289.0
1629157733154273804,113,57287000000,,56677635.0,56677657.0,56677693.0,56678470.0
1629157733192847587,114,57328000000,,56718165.0,56718187.0,56718213.0,56718988.0
1629157733332856510,115,57547000000,,56935036.0,56935055.0,56935081.0,56935856.0
1629157733360935637,116,57599000000,,56985757.0,56985777.0,56985802.0,56986599.0
1629157733399523528,117,57627000000,,57013319.0,57013340.0,57013368.0,57014172.0
1629157733412150164,118,57638000000,,57024667.0,57024687.0,57024713.0,57025508.0
1629157733658666952,119,57909000000,,57292093.0,57292113.0,57292138.0,57292915.0
1629157733811354193,120,58077000000,,57458855.0,57458877.0,57458902.0,57459699.0
1629157733914523846,121,58168000000,,57548220.0,57548243.0,57548269.0,57549062.0
1629157734054985342,122,58348000000,,57726481.0,57726501.0,57726526.0,57727308.0
1629157734120552706,123,58429000000,,57806046.0,57806066.0,57806091.0,57806872.0
1629157734148677021,124,58479000000,,57856278.0,57856327.0,57856352.0,57857131.0
1629157734225615691,125,58558000000,,57934004.0,57934024.0,57934049.0,57934839.0
1629157734238446683,126,58558000000,,57934004.0,57934024.0,57934049.0,57934839.0
1629157734442824631,127,58740000000,,58114245.0,58114267.0,58114303.0,58115075.0
1629157734469600726,128,58740000000,,58114245.0,58114267.0,58114303.0,58115075.0
1629157734584149996,129,58831000000,,58203459.0,58203479.0,58203505.0,58204298.0
1629157734634152564,130,58870000000,,58242335.0,58242354.0,58242380.0,58243158.0
1629157734662372561,131,58921000000,,58292489.0,58292508.0,58292534.0,58293322.0
1629157734944938852,132,59170000000,,58538788.0,58538807.0,58538833.0,58539630.0
1629157734958077286,133,59170000000,,58538788.0,58538807.0,58538833.0,58539630.0
1629157735232268330,134,59428000000,,58793126.0,58793148.0,58793173.0,58794011.0
1629157735375355236,135,59570000000,,58934132.0,58934151.0,58934177.0,58934967.0
1629157735387770462,136,59570000000,,58934132.0,58934151.0,58934177.0,58934967.0
1629157735515416820,137,59687000000,,59049114.0,59049137.0,59049164.0,59049958.0
1629157735527989468,138,59687000000,,59049114.0,59049137.0,59049164.0,59049958.0
1629157735604864862,139,59777000000,,59138520.0,59138542.0,59138567.0,59139345.0
1629157735617827226,140,59777000000,,59138520.0,59138542.0,59138567.0,59139345.0
1629157735775244271,141,59907000000,,59266888.0,59266909.0,59266935.0,59267726.0
1629157735787983351,142,59907000000,,59266888.0,59266909.0,59266935.0,59267726.0
1629157735852012458,143,59958000000,,59317118.0,59317140.0,59317169.0,59317951.0
1629157736005018526,144,60127000000,,59484039.0,59484064.0,59484091.0,59484909.0
1629157736017748388,145,60127000000,,59484039.0,59484064.0,59484091.0,59484909.0
1629157736083295568,146,60177000000,,59534382.0,59534404.0,59534429.0,59535212.0
1629157736097222861,147,60177000000,,59534382.0,59534404.0,59534429.0,59535212.0
1629157736135147887,148,60227000000,,59582913.0,59582935.0,59582961.0,59583743.0
1629157736147869507,149,60227000000,,59582913.0,59582935.0,59582961.0,59583743.0
1629157736200233834,150,60268000000,,59623408.0,59623430.0,59623455.0,59624248.0
1629157736267203685,151,60347000000,,59701165.0,59701187.0,59701213.0,59701988.0
1629157736473588527,152,60577000000,,59929520.0,59929542.0,59929567.0,59930352.0
1629157736550295183,153,60667000000,,60018563.0,60018585.0,60018610.0,60019414.0
1629157736602959270,154,60758000000,,60107755.0,60107777.0,60107802.0,60108604.0
1629157736616607966,155,60758000000,,60107755.0,60107777.0,60107802.0,60108604.0
1629157736681112064,156,60837000000,,60185498.0,60185520.0,60185545.0,60186325.0
1629157736849407194,157,61027000000,,60373484.0,60373506.0,60373532.0,60374330.0
1629157736914905275,158,61068000000,,60414009.0,60414030.0,60414056.0,60414851.0
1629157737007188881,159,61147000000,,60491829.0,60491849.0,60491874.0,60492649.0
1629157737045243323,160,61197000000,,60541930.0,60541952.0,60541977.0,60542760.0
1629157737057937426,161,61197000000,,60541930.0,60541952.0,60541977.0,60542760.0
1629157737084653597,162,61278000000,,60621666.0,60621688.0,60621713.0,60622490.0
1629157737097589002,163,61278000000,,60621666.0,60621688.0,60621713.0,60622490.0
1629157737147971298,164,61327000000,,60670311.0,60670333.0,60670359.0,60671143.0
1629157737239631219,165,61407000000,,60749714.0,60749736.0,60749761.0,60750561.0
1629157737267673260,166,61447000000,,60788542.0,60788564.0,60788589.0,60789387.0
1629157737319547929,167,61498000000,,60838804.0,60838826.0,60838851.0,60839635.0
1629157737462047957,168,61628000000,,60967426.0,60967448.0,60967473.0,60968282.0
1629157737640684511,169,61807000000,,61144002.0,61144047.0,61144072.0,61144868.0
1629157737680250811,170,61847000000,,61184532.0,61184552.0,61184577.0,61185357.0
1629157737757088630,171,61977000000,,61312576.0,61312596.0,61312626.0,61313417.0
1629157737832809893,172,62067000000,,61401602.0,61401625.0,61401651.0,61402446.0
1629157737964398033,173,62208000000,,61540811.0,61540830.0,61540856.0,61541631.0
1629157738092157254,174,62338000000,,61669856.0,61669875.0,61669901.0,61670679.0
1629157738154952681,175,62417000000,,61746678.0,61746700.0,61746726.0,61747524.0
1629157738158060346,176,62429000000,,61759660.0,61759680.0,61759706.0,61760505.0
1629157738261894261,177,62520000000,,61848877.0,61848897.0,61848922.0,61849720.0
1629157738350232453,178,62598000000,,61926793.0,61926853.0,61926878.0,61927659.0
1629157738390558977,179,62638000000,,61965768.0,61965788.0,61965813.0,61966590.0
1629157738429393269,180,62677000000,,62004666.0,62004686.0,62004711.0,62005510.0
1629157738457766987,181,62728000000,,62054833.0,62054853.0,62054878.0,62055671.0
1629157738690482824,182,62910000000,,62234710.0,62234730.0,62234756.0,62235532.0
1629157738923025595,183,63081000000,,62403431.0,62403451.0,62403476.0,62404269.0
1629157738936844704,184,63081000000,,62403431.0,62403451.0,62403476.0,62404269.0
1629157739054113320,185,63147000000,,62468240.0,62468262.0,62468288.0,62469108.0
1629157739066931042,186,63160000000,,62481234.0,62481280.0,62481306.0,62482101.0
1629157739458118810,187,63447000000,,62764573.0,62764595.0,62767885.0,62768665.0
1629157739547853691,188,63540000000,,62857254.0,62857273.0,62857298.0,62858075.0
1629157739562059792,189,63540000000,,62857254.0,62857273.0,62857298.0,62858075.0
1629157739744560533,190,63730000000,,63045083.0,63045103.0,63045128.0,63045925.0
1629157739757691355,191,63730000000,,63045083.0,63045103.0,63045128.0,63045925.0
1629157740053433795,192,63950000000,,63262048.0,63262068.0,63262093.0,63262871.0
1629157740143121603,193,64027000000,,63338171.0,63338196.0,63338233.0,63339012.0
1629157740157114268,194,64027000000,,63338171.0,63338196.0,63338233.0,63339012.0
1629157740350931140,195,64158000000,,63467806.0,63467827.0,63467853.0,63468632.0
1629157740417674844,196,64237000000,,63545478.0,63545502.0,63545530.0,63546348.0
1629157740509746830,197,64337000000,,63644363.0,63644385.0,63644411.0,63645210.0
1629157740625760675,198,64417000000,,63723806.0,63723833.0,63723858.0,63724630.0
1629157740638474054,199,64417000000,,63723806.0,63723833.0,63723858.0,63724630.0
1629157740715130914,200,64507000000,,63812905.0,63812927.0,63812957.0,63813753.0
1629157740728220180,201,64507000000,,63812905.0,63812927.0,63812957.0,63813753.0
1629157740767604333,202,64547000000,,63851849.0,63851871.0,63851897.0,63852694.0
1629157740842766306,203,64637000000,,63940890.0,63940912.0,63940937.0,63941718.0
1629157740947907024,204,64758000000,,64060746.0,64060768.0,64060793.0,64061588.0
1629157741054529569,205,64937000000,,64237295.0,64237316.0,64237342.0,64238139.0
1629157741183871467,206,65067000000,,64365849.0,64365871.0,64365896.0,64366697.0
1629157741197671929,207,65067000000,,64365849.0,64365871.0,64365896.0,64366697.0
1629157741300621149,208,65198000000,,64495506.0,64495532.0,64495557.0,64496353.0
1629157741327159511,209,65238000000,,64535117.0,64535139.0,64535165.0,64536002.0
1629157741380904833,210,65327000000,,64622598.0,64622619.0,64622645.0,64623435.0
1629157741484453035,211,65457000000,,64752136.0,64752158.0,64752183.0,64752970.0
1629157741497855859,212,65457000000,,64752136.0,64752158.0,64752183.0,64752970.0
1629157741692942437,213,65707000000,,64998554.0,64998576.0,64998602.0,64999394.0
1629157741706817183,214,65707000000,,64998554.0,64998576.0,64998602.0,64999394.0
1629157741744647534,215,65797000000,,65088041.0,65088063.0,65088088.0,65088864.0
1629157741757616988,216,65797000000,,65088041.0,65088063.0,65088088.0,65088864.0
1629157741875265595,217,65878000000,,65167360.0,65167382.0,65167408.0,65168190.0
1629157741887868658,218,65878000000,,65167360.0,65167382.0,65167408.0,65168190.0
1629157741913257281,219,65917000000,,65206691.0,65206712.0,65206738.0,65207514.0
1629157741926958050,220,65917000000,,65206691.0,65206712.0,65206738.0,65207514.0
1629157741990690223,221,65957000000,,65246128.0,65246152.0,65246180.0,65246967.0
1629157742120858711,222,66138000000,,65424515.0,65424539.0,65424567.0,65425356.0
1629157742161822384,223,66227000000,,65511951.0,65511970.0,65511996.0,65512794.0
1629157742252038791,224,66317000000,,65601028.0,65601072.0,65601097.0,65601894.0
1629157742292239161,225,66397000000,,65680174.0,65680194.0,65680220.0,65681017.0
1629157742304972828,226,66409000000,,65691914.0,65691934.0,65691960.0,65692735.0
1629157742317967286,227,66409000000,,65691914.0,65691934.0,65691960.0,65692735.0
1629157742396043473,228,66538000000,,65819607.0,65819632.0,65819667.0,65820445.0
1629157742409020959,229,66538000000,,65819607.0,65819632.0,65819667.0,65820445.0
1629157742550529557,230,66658000000,,65938167.0,65938186.0,65938212.0,65939007.0
1629157742577916150,231,66697000000,,65976992.0,65977012.0,65977037.0,65977813.0
1629157742652784284,232,66788000000,,66066574.0,66066594.0,66066619.0,66067419.0
1629157742692860894,233,66838000000,,66116708.0,66116728.0,66116753.0,66117551.0
1629157742706848225,234,66838000000,,66116708.0,66116728.0,66116753.0,66117551.0
1629157742785105094,235,66878000000,,66155738.0,66155759.0,66155784.0,66156565.0
1629157742797723941,236,66878000000,,66155738.0,66155759.0,66155784.0,66156565.0
1629157742810684525,237,66889000000,,66167068.0,66167088.0,66167113.0,66167886.0
1629157742849943494,238,66928000000,,66204800.0,66204820.0,66204845.0,66205628.0
1629157742864440253,239,66928000000,,66204800.0,66204820.0,66204845.0,66205628.0
1629157742877743552,240,66928000000,,66204800.0,66204820.0,66204845.0,66205628.0
1629157743239762342,241,67188000000,,66462316.0,66462336.0,66462361.0,66463140.0
1629157743343296296,242,67269000000,,66541886.0,66541906.0,66541931.0,66542712.0
1629157743357071377,243,67269000000,,66541886.0,66541906.0,66541931.0,66542712.0
1629157743397248001,244,67318000000,,66591010.0,66591029.0,66591055.0,66591833.0
1629157743499018723,245,67489000000,,66759842.0,66759861.0,66759887.0,66760684.0
1629157743603062663,246,67569000000,,66839227.0,66839247.0,66839272.0,66840062.0
1629157743616959898,247,67569000000,,66839227.0,66839247.0,66839272.0,66840062.0
1629157743850149839,248,67790000000,,67057752.0,67057784.0,67057809.0,67058589.0
1629157743915725702,249,67857000000,,67122868.0,67122889.0,67122915.0,67123709.0
1629157744030235539,250,67950000000,,67215137.0,67215160.0,67215188.0,67215978.0
1629157744147962858,251,68091000000,,67354603.0,67354622.0,67354649.0,67355444.0
1629157744290101920,252,68221000000,,67482814.0,67482834.0,67482859.0,67483638.0
1629157744522190662,253,68391000000,,67650836.0,67650856.0,67650881.0,67651677.0
1629157744575315647,254,68458000000,,67717183.0,67717205.0,67717230.0,67718039.0
1629157744588068032,255,68458000000,,67717183.0,67717205.0,67717230.0,67718039.0
1629157744730602050,256,68587000000,,67845370.0,67845392.0,67845417.0,67846194.0
1629157744980676719,257,68807000000,,68062611.0,68062633.0,68062659.0,68063437.0
1629157745032626263,258,68847000000,,68101473.0,68101497.0,68101525.0,68102344.0
1629157745293322647,259,69248000000,,68497945.0,68497967.0,68497992.0,68498785.0
1629157745307104014,260,69248000000,,68497945.0,68497967.0,68497992.0,68498785.0
1629157745525285394,261,69487000000,,68733767.0,68733789.0,68733814.0,68734599.0
1629157745537872114,262,69487000000,,68733767.0,68733789.0,68733814.0,68734599.0
1629157745680382246,263,69667000000,,68912245.0,68912267.0,68912292.0,68913090.0
1629157745730874606,264,69717000000,,68960806.0,68962441.0,68962469.0,68963262.0
1629157745743636629,265,69757000000,,69001374.0,69001396.0,69001422.0,69002203.0
1629157745771649566,266,69797000000,,69040494.0,69040516.0,69040541.0,69041332.0
1629157745849716744,267,69877000000,,69118914.0,69118936.0,69118961.0,69119761.0
1629157745890491145,268,69927000000,,69169161.0,69169187.0,69169214.0,69170008.0
1629157745967543308,269,70017000000,,69258157.0,69258179.0,69258204.0,69258984.0
1629157746017877336,270,70047000000,,69287240.0,69287265.0,69287292.0,69288124.0
1629157746055539018,271,70097000000,,69337396.0,69337418.0,69337443.0,69338244.0
1629157746213396935,272,70277000000,,69515485.0,69515507.0,69515532.0,69516318.0
1629157746227219300,273,70277000000,,69515485.0,69515507.0,69515532.0,69516318.0
1629157746305298281,274,70448000000,,69683837.0,69683858.0,69683884.0,69684663.0
1629157746318269132,275,70448000000,,69683837.0,69683858.0,69683884.0,69684663.0
1629157746423475523,276,70587000000,,69821690.0,69821712.0,69821737.0,69822521.0
1629157746475593665,277,70627000000,,69860521.0,69860541.0,69860566.0,69861342.0
1629157746488249738,278,70627000000,,69860521.0,69860541.0,69860566.0,69861342.0
1629157746671061721,279,70797000000,,70028891.0,70028912.0,70028938.0,70029735.0
1629157746867062251,280,70967000000,,70196996.0,70197016.0,70197041.0,70197840.0
1629157746892476157,281,71018000000,,70247240.0,70247260.0,70247285.0,70248076.0
